1 22
1 122
1 289
1 319
2 12
2 30
2 61
2 67
2 68
2 87
2 115
2 118
2 121
2 123
2 129
2 143
2 199
2 241
2 255
2 262
2 305
2 306
2 310
2 353
2 359
2 363
2 379
2 382
2 388
2 390
2 393
2 413
2 414
2 423
2 428
2 444
3 2
3 3
3 10
3 12
3 22
3 23
3 30
3 32
3 34
3 36
3 41
3 45
3 49
3 51
3 52
3 54
3 57
3 60
3 61
3 68
3 71
3 73
3 74
3 75
3 76
3 78
3 84
3 86
3 95
3 98
3 99
3 101
3 105
3 111
3 113
3 114
3 115
3 116
3 119
3 120
3 122
3 123
3 127
3 129
3 135
3 144
3 146
3 152
3 154
3 155
3 160
3 162
3 164
3 165
3 166
3 167
3 171
3 176
3 182
3 190
3 195
3 197
3 198
3 199
3 200
3 204
3 206
3 209
3 215
3 221
3 223
3 228
3 237
3 238
3 241
3 242
3 244
3 245
3 246
3 247
3 248
3 253
3 255
3 260
3 263
3 266
3 267
3 270
3 274
3 275
3 276
3 282
3 284
3 291
3 292
3 296
3 298
3 305
3 306
3 309
3 310
3 311
3 312
3 316
3 317
3 333
3 335
3 336
3 341
3 342
3 344
3 348
3 350
3 353
3 357
3 359
3 364
3 370
3 372
3 373
3 379
3 382
3 388
3 389
3 390
3 394
3 398
3 403
3 407
3 410
3 412
3 413
3 415
3 416
3 419
3 423
3 424
3 426
3 429
3 435
3 445
4 6
4 11
4 61
4 68
4 71
4 101
4 113
4 122
4 129
4 154
4 170
4 234
4 241
4 248
4 264
4 310
4 317
4 391
4 396
4 428
4 435
5 68
5 101
5 241
5 333
5 410
5 413
6 143
6 162
6 200
6 426
7 119
7 129
7 319
8 2
8 3
8 5
8 12
8 30
8 35
8 40
8 45
8 48
8 51
8 61
8 68
8 69
8 71
8 75
8 92
8 93
8 96
8 98
8 101
8 110
8 111
8 113
8 114
8 118
8 119
8 122
8 123
8 125
8 127
8 129
8 135
8 145
8 146
8 154
8 155
8 160
8 161
8 167
8 170
8 186
8 188
8 190
8 193
8 195
8 196
8 203
8 204
8 209
8 210
8 211
8 215
8 219
8 221
8 228
8 238
8 241
8 242
8 244
8 245
8 247
8 248
8 254
8 255
8 259
8 261
8 263
8 264
8 269
8 270
8 272
8 274
8 276
8 279
8 280
8 285
8 290
8 302
8 303
8 305
8 309
8 310
8 315
8 317
8 324
8 325
8 339
8 344
8 348
8 350
8 353
8 357
8 359
8 370
8 373
8 381
8 387
8 388
8 389
8 391
8 397
8 398
8 410
8 413
8 416
8 417
8 418
8 419
8 423
8 424
8 428
8 433
8 435
8 444
8 447
9 195
9 350
9 410
10 34
10 36
10 42
10 43
10 51
10 93
10 101
10 121
10 122
10 129
10 143
10 151
10 155
10 197
10 238
10 253
10 277
10 282
10 305
10 348
10 382
10 397
10 426
10 429
10 435
11 54
11 93
11 122
11 241
11 310
11 364
11 370
12 30
12 60
12 61
12 68
12 71
12 72
12 81
12 101
12 119
12 129
12 136
12 142
12 154
12 160
12 200
12 220
12 228
12 241
12 246
12 276
12 305
12 310
12 317
12 324
12 348
12 352
12 353
12 359
12 389
12 410
12 413
12 424
12 429
13 36
13 51
13 68
13 71
13 75
13 101
13 122
13 123
13 129
13 204
13 221
13 241
13 261
13 280
13 282
13 310
13 364
13 394
13 426
13 435
14 122
14 413
15 68
15 123
15 129
15 157
15 291
15 378
15 379
15 385
15 397
15 419
16 1
16 50
17 67
17 122
17 129
17 137
17 241
17 274
17 310
17 317
17 379
17 417
17 428
18 65
18 129
18 137
18 253
18 280
18 357
18 410
19 359
19 392
20 45
20 71
20 93
20 122
20 129
20 164
20 174
20 335
20 342
20 348
20 379
20 410
20 417
21 48
21 195
22 65
22 101
22 129
23 129
23 243
24 67
24 68
24 122
24 199
24 310
24 337
24 359
25 122
25 324
25 413
26 39
26 51
26 61
26 98
26 101
26 111
26 113
26 119
26 122
26 129
26 156
26 168
26 227
26 241
26 280
26 290
26 307
26 310
26 360
26 413
26 435
26 436
27 143
27 309
27 310
27 397
28 19
28 36
28 39
28 40
28 67
28 68
28 71
28 98
28 101
28 122
28 129
28 155
28 162
28 174
28 221
28 225
28 228
28 241
28 247
28 274
28 280
28 290
28 310
28 317
28 360
28 370
28 413
28 424
28 426
28 428
28 435
29 19
29 36
29 61
29 94
29 101
29 122
29 129
29 234
29 241
29 254
29 280
29 310
29 359
29 364
29 413
29 435
29 444
30 32
30 34
30 68
30 93
30 101
30 122
30 129
30 167
30 245
30 255
30 280
30 292
30 306
30 310
30 324
30 359
30 391
30 404
30 423
31 67
31 122
31 129
31 199
31 359
32 122
32 324
33 148
33 373
34 6
34 12
34 61
34 68
34 71
34 111
34 122
34 123
34 129
34 153
34 192
34 242
34 247
34 260
34 272
34 282
34 307
34 310
34 317
34 360
34 379
34 404
34 423
34 428
35 61
35 68
35 114
35 123
35 129
35 143
35 155
35 281
35 310
35 352
35 399
35 435
36 129
36 218
37 74
37 353
38 1
38 2
38 12
38 15
38 23
38 30
38 35
38 36
38 38
38 39
38 40
38 53
38 61
38 67
38 68
38 71
38 73
38 74
38 96
38 98
38 101
38 111
38 116
38 118
38 119
38 122
38 123
38 127
38 128
38 129
38 135
38 142
38 144
38 151
38 154
38 167
38 174
38 175
38 187
38 195
38 197
38 210
38 217
38 221
38 225
38 228
38 238
38 241
38 242
38 244
38 247
38 248
38 255
38 260
38 267
38 280
38 281
38 284
38 287
38 289
38 301
38 302
38 305
38 307
38 310
38 316
38 317
38 318
38 322
38 325
38 336
38 344
38 348
38 350
38 353
38 359
38 360
38 365
38 370
38 382
38 389
38 391
38 396
38 397
38 399
38 404
38 410
38 413
38 417
38 419
38 423
38 426
38 427
38 428
38 430
38 435
38 444
38 445
39 71
39 244
39 321
40 12
40 13
40 34
40 49
40 68
40 101
40 122
40 129
40 215
40 228
40 241
40 274
40 317
40 319
40 348
40 391
40 413
41 29
41 30
41 35
41 54
41 55
41 61
41 65
41 68
41 88
41 93
41 98
41 101
41 110
41 111
41 116
41 119
41 122
41 129
41 142
41 151
41 167
41 170
41 189
41 198
41 203
41 246
41 255
41 257
41 274
41 284
41 307
41 309
41 310
41 313
41 317
41 321
41 341
41 348
41 364
41 369
41 370
41 379
41 388
41 389
41 391
41 399
41 415
41 428
41 439
41 440
42 34
42 55
42 68
42 71
42 93
42 99
42 101
42 122
42 129
42 139
42 161
42 166
42 209
42 225
42 228
42 241
42 274
42 289
42 310
42 359
42 369
42 375
42 399
42 413
43 85
43 122
43 129
43 289
44 23
44 36
44 46
44 51
44 54
44 60
44 61
44 68
44 70
44 71
44 84
44 98
44 101
44 118
44 121
44 122
44 123
44 129
44 135
44 155
44 160
44 163
44 166
44 228
44 241
44 255
44 270
44 276
44 279
44 281
44 296
44 310
44 317
44 319
44 325
44 333
44 334
44 342
44 353
44 364
44 370
44 379
44 410
44 413
44 426
44 428
44 429
44 444
45 60
45 61
45 70
45 71
45 289
45 317
45 428
46 12
46 71
46 222
47 5
47 21
47 34
47 49
47 54
47 71
47 75
47 82
47 94
47 98
47 101
47 113
47 119
47 122
47 123
47 127
47 129
47 136
47 139
47 142
47 144
47 146
47 148
47 151
47 153
47 167
47 195
47 199
47 204
47 209
47 211
47 214
47 238
47 246
47 247
47 255
47 270
47 273
47 274
47 280
47 282
47 291
47 300
47 307
47 310
47 316
47 317
47 327
47 336
47 337
47 338
47 344
47 348
47 350
47 351
47 353
47 359
47 364
47 368
47 373
47 389
47 400
47 410
47 415
47 418
47 429
47 435
47 445
48 119
48 154
48 211
48 324
49 98
49 289
50 22
50 35
50 359
50 434
51 68
51 71
51 99
51 101
51 122
51 135
51 165
51 195
51 199
51 270
51 310
51 317
51 428
51 431
52 35
52 399
53 31
53 310
53 434
54 71
54 101
54 310
54 417
55 71
55 241
56 333
56 399
57 2
57 12
57 62
57 335
57 348
57 357
57 410
57 423
58 1
58 33
58 68
58 101
58 129
58 246
58 310
58 324
58 333
58 350
59 39
59 119
59 127
59 129
59 146
59 182
59 200
59 228
59 324
59 410
60 2
60 35
60 36
60 40
60 61
60 69
60 71
60 99
60 100
60 101
60 111
60 113
60 122
60 123
60 150
60 166
60 167
60 195
60 197
60 241
60 263
60 272
60 276
60 280
60 289
60 310
60 317
60 336
60 348
60 359
60 365
60 379
60 382
60 388
60 390
60 393
60 410
60 413
60 418
60 444
61 129
61 399
62 89
62 111
62 116
62 122
62 155
62 165
62 244
62 279
62 282
62 310
62 353
62 413
62 426
63 129
63 296
64 129
64 306
65 101
65 122
66 142
66 282
66 289
66 432
67 22
67 61
67 319
67 325
67 435
68 30
68 379
69 2
69 21
69 36
69 49
69 51
69 61
69 65
69 68
69 69
69 70
69 71
69 75
69 78
69 83
69 87
69 98
69 101
69 110
69 111
69 119
69 122
69 123
69 127
69 129
69 131
69 136
69 154
69 160
69 163
69 170
69 177
69 181
69 208
69 211
69 225
69 227
69 228
69 239
69 241
69 261
69 274
69 276
69 280
69 290
69 305
69 307
69 310
69 316
69 317
69 321
69 325
69 338
69 339
69 359
69 360
69 364
69 365
69 388
69 391
69 401
69 410
69 413
69 423
69 426
69 428
69 429
69 443
70 4
70 129
70 282
70 284
70 289
70 317
70 329
70 333
70 410
71 61
71 417
72 61
72 67
72 101
72 122
72 129
72 187
72 209
72 228
72 276
72 278
72 280
72 282
72 310
72 311
72 317
72 349
72 394
72 405
72 426
72 428
73 101
73 127
73 129
73 211
73 280
73 289
73 435
74 32
74 74
74 280
74 324
74 350
74 359
75 101
75 199
75 282
75 413
76 129
76 310
76 373
76 392
77 10
77 12
77 30
77 34
77 35
77 36
77 41
77 49
77 51
77 68
77 71
77 75
77 101
77 109
77 122
77 123
77 129
77 166
77 197
77 199
77 204
77 209
77 221
77 241
77 261
77 276
77 280
77 282
77 285
77 291
77 309
77 310
77 317
77 348
77 366
77 389
77 394
77 411
77 426
77 429
77 435
78 2
78 49
78 129
78 238
78 397
79 25
79 51
79 54
79 69
79 81
79 93
79 117
79 122
79 129
79 143
79 155
79 241
79 245
79 291
79 310
79 337
79 359
79 364
79 370
79 379
79 410
79 413
80 101
80 129
80 391
81 129
81 280
81 359
82 36
82 39
82 54
82 61
82 68
82 99
82 101
82 122
82 129
82 143
82 158
82 174
82 185
82 187
82 221
82 241
82 255
82 280
82 289
82 310
82 359
82 388
82 426
82 429
83 3
83 4
83 61
83 101
83 116
83 119
83 122
83 129
83 276
83 280
83 310
83 334
83 359
83 364
83 412
83 413
83 435
84 22
84 68
84 129
84 222
84 310
84 317
84 325
84 391
84 435
85 65
85 101
85 129
85 222
85 241
85 280
85 353
85 355
85 359
85 428
86 34
86 56
86 122
86 129
86 282
86 310
86 336
86 353
86 355
86 413
87 51
87 61
87 129
87 316
87 324
87 334
87 399
88 12
88 122
88 129
88 167
88 241
88 310
88 382
89 306
89 317
89 348
89 353
89 404
89 419
90 122
90 289
90 410
90 429
91 51
91 60
91 101
91 109
91 119
91 167
91 225
91 241
91 280
91 284
91 289
91 295
91 348
91 364
91 389
91 413
91 428
91 435
92 197
92 329
92 428
93 2
93 23
93 51
93 61
93 68
93 71
93 101
93 122
93 129
93 151
93 154
93 164
93 166
93 196
93 221
93 222
93 241
93 260
93 261
93 276
93 310
93 324
93 325
93 333
93 359
93 364
93 370
93 371
93 376
93 407
93 413
93 426
93 435
94 2
94 68
94 71
94 75
94 111
94 122
94 129
94 154
94 166
94 174
94 196
94 260
94 276
94 310
94 325
94 333
94 359
94 364
94 370
94 407
94 413
94 435
95 69
95 71
95 101
95 166
95 274
95 310
95 317
95 325
95 351
95 413
95 426
96 16
96 68
96 122
96 129
96 310
96 317
96 364
96 410
96 413
97 129
97 161
98 423
98 439
99 68
99 98
99 101
99 122
99 123
99 129
99 136
99 177
99 241
99 280
99 284
99 310
99 317
99 320
99 359
99 360
99 404
99 410
99 413
99 424
99 428
100 34
100 68
100 101
100 154
100 215
100 310
100 341
100 410
100 413
100 419
101 2
101 12
101 20
101 30
101 34
101 45
101 54
101 61
101 68
101 71
101 72
101 74
101 90
101 98
101 101
101 119
101 122
101 129
101 135
101 142
101 143
101 144
101 154
101 162
101 166
101 177
101 184
101 195
101 199
101 205
101 214
101 240
101 241
101 247
101 253
101 255
101 260
101 264
101 280
101 284
101 305
101 307
101 310
101 316
101 317
101 321
101 348
101 355
101 360
101 364
101 376
101 377
101 379
101 381
101 392
101 406
101 410
101 413
101 423
101 435
101 439
102 101
102 310
103 65
103 364
103 419
104 9
104 60
105 61
105 94
105 111
105 119
105 122
105 129
105 276
105 280
105 310
105 344
105 359
105 413
106 54
106 71
106 101
106 117
106 122
106 123
106 129
106 136
106 166
106 174
106 234
106 241
106 246
106 305
106 310
106 359
106 364
106 413
107 310
107 392
108 19
108 39
108 65
108 67
108 68
108 71
108 119
108 122
108 129
108 151
108 154
108 209
108 280
108 310
108 348
108 428
108 435
109 101
109 122
110 289
110 380
111 101
111 241
112 2
112 68
112 280
112 310
112 350
112 435
112 447
113 61
113 67
113 68
113 71
113 101
113 111
113 122
113 127
113 129
113 144
113 166
113 221
113 241
113 260
113 280
113 310
113 317
113 354
113 360
113 364
113 379
113 394
113 424
114 60
114 93
114 108
114 241
114 247
115 5
115 18
115 26
115 30
115 36
115 51
115 61
115 65
115 68
115 69
115 71
115 74
115 79
115 89
115 98
115 101
115 119
115 122
115 123
115 127
115 129
115 138
115 139
115 149
115 153
115 154
115 155
115 160
115 162
115 163
115 164
115 166
115 167
115 173
115 175
115 179
115 185
115 195
115 209
115 214
115 222
115 225
115 228
115 237
115 238
115 241
115 242
115 248
115 255
115 274
115 280
115 286
115 289
115 291
115 307
115 310
115 316
115 317
115 321
115 324
115 328
115 329
115 342
115 344
115 357
115 359
115 360
115 363
115 364
115 365
115 373
115 374
115 380
115 388
115 392
115 394
115 410
115 413
115 417
115 420
115 423
115 424
115 426
115 428
115 429
115 435
115 444
116 122
116 310
116 324
117 62
117 86
117 90
117 119
117 129
117 154
117 272
117 280
117 403
118 14
118 19
118 27
118 36
118 60
118 68
118 71
118 98
118 101
118 111
118 122
118 123
118 129
118 136
118 142
118 151
118 154
118 165
118 166
118 177
118 199
118 213
118 227
118 228
118 241
118 251
118 280
118 281
118 305
118 310
118 317
118 321
118 344
118 348
118 359
118 364
118 397
118 410
118 413
118 417
118 428
118 436
118 441
118 442
118 444
119 36
119 317
119 364
119 404
119 428
120 17
120 30
120 55
120 61
120 68
120 71
120 74
120 93
120 122
120 129
120 142
120 157
120 184
120 210
120 241
120 242
120 269
120 280
120 306
120 309
120 310
120 348
120 355
120 364
120 386
120 399
120 404
120 410
120 439
121 183
121 246
121 433
122 19
122 30
122 109
122 129
122 139
122 164
122 324
122 350
122 387
122 428
122 435
123 1
123 36
123 51
123 61
123 101
123 111
123 129
123 155
123 186
123 241
123 289
123 310
123 317
123 359
123 364
123 365
123 369
123 410
123 435
124 68
124 129
124 154
124 310
124 324
124 325
124 359
124 364
124 435
125 65
125 413
126 101
126 123
126 228
126 241
126 433
126 444
127 60
127 429
128 122
128 129
128 310
128 435
129 1
129 25
129 68
129 129
129 179
129 180
129 197
129 260
129 280
129 281
129 326
129 365
129 410
130 129
130 167
131 68
131 151
131 214
131 399
132 25
132 68
132 71
132 74
132 93
132 101
132 122
132 123
132 129
132 139
132 142
132 154
132 173
132 177
132 197
132 241
132 255
132 269
132 273
132 280
132 282
132 304
132 310
132 317
132 321
132 336
132 348
132 353
132 364
132 392
132 410
132 413
132 435
132 436
133 68
133 101
133 359
134 23
134 35
134 36
134 53
134 61
134 111
134 123
134 127
134 129
134 143
134 146
134 151
134 154
134 155
134 167
134 174
134 187
134 210
134 289
134 309
134 316
134 382
134 396
134 404
134 419
134 435
135 2
135 19
135 31
135 54
135 60
135 61
135 67
135 69
135 71
135 74
135 89
135 98
135 101
135 119
135 122
135 123
135 127
135 129
135 135
135 136
135 138
135 139
135 154
135 164
135 165
135 166
135 173
135 177
135 195
135 198
135 204
135 222
135 241
135 247
135 248
135 265
135 274
135 280
135 309
135 310
135 316
135 317
135 321
135 339
135 350
135 357
135 359
135 360
135 364
135 382
135 391
135 392
135 410
135 417
135 428
135 429
135 435
135 436
135 441
136 9
136 23
136 35
136 38
136 49
136 68
136 75
136 101
136 111
136 122
136 123
136 129
136 137
136 139
136 143
136 196
136 197
136 203
136 221
136 231
136 241
136 247
136 251
136 255
136 257
136 263
136 280
136 305
136 310
136 316
136 344
136 348
136 350
136 359
136 389
136 391
136 397
136 399
136 410
136 423
136 428
136 432
136 435
136 436
137 71
137 109
137 129
137 154
137 282
137 392
138 289
138 380
139 2
139 5
139 8
139 30
139 49
139 60
139 61
139 67
139 68
139 74
139 75
139 78
139 89
139 98
139 101
139 111
139 122
139 126
139 129
139 135
139 136
139 138
139 139
139 144
139 146
139 171
139 177
139 186
139 204
139 209
139 228
139 241
139 264
139 280
139 282
139 289
139 291
139 309
139 310
139 311
139 317
139 321
139 341
139 359
139 364
139 379
139 382
139 385
139 391
139 403
139 410
139 413
139 424
139 428
139 435
139 444
140 39
140 99
140 129
140 155
140 228
140 255
140 359
140 360
140 413
140 428
140 435
141 49
141 101
141 123
141 129
141 241
141 359
141 364
141 375
141 391
141 411
141 413
142 9
142 36
142 43
142 49
142 54
142 61
142 68
142 69
142 71
142 72
142 75
142 98
142 101
142 122
142 129
142 132
142 135
142 136
142 138
142 154
142 156
142 166
142 177
142 204
142 209
142 221
142 222
142 224
142 225
142 227
142 241
142 261
142 276
142 280
142 291
142 306
142 307
142 309
142 310
142 311
142 316
142 317
142 321
142 324
142 325
142 326
142 359
142 364
142 372
142 391
142 397
142 401
142 410
142 413
142 417
142 423
142 426
142 435
142 444
143 61
143 99
143 193
143 222
143 376
144 1
144 68
144 71
144 101
144 122
144 154
144 225
144 241
144 310
144 391
144 392
144 413
145 61
145 67
145 68
145 71
145 101
145 111
145 122
145 123
145 127
145 129
145 144
145 166
145 221
145 260
145 280
145 305
145 307
145 310
145 316
145 317
145 354
145 360
145 364
145 373
145 379
145 394
145 424
146 19
146 61
146 68
146 85
146 112
146 122
146 129
146 211
146 241
146 264
146 280
146 290
146 316
146 319
146 320
146 324
146 335
146 364
146 370
146 386
146 405
146 413
146 439
146 444
147 3
147 101
147 410
148 2
148 35
148 39
148 51
148 61
148 68
148 71
148 93
148 98
148 101
148 122
148 129
148 136
148 143
148 144
148 152
148 154
148 164
148 170
148 228
148 253
148 255
148 269
148 280
148 282
148 289
148 291
148 304
148 309
148 310
148 336
148 348
148 357
148 359
148 363
148 364
148 368
148 392
148 410
148 413
148 421
148 428
148 434
148 435
149 122
149 183
150 44
150 49
150 68
150 101
150 111
150 129
150 241
150 255
150 258
150 278
150 305
150 310
150 345
150 348
150 359
150 393
150 413
150 428
151 35
151 122
151 160
152 11
152 36
152 61
152 71
152 119
152 122
152 129
152 154
152 168
152 228
152 241
152 255
152 280
152 282
152 310
152 317
152 324
152 336
152 350
152 359
152 369
152 379
152 397
152 413
152 434
152 435
153 12
153 39
153 68
153 69
153 101
153 119
153 122
153 155
153 166
153 174
153 310
153 379
153 393
153 442
154 60
154 428
155 123
155 148
156 22
156 101
156 129
156 144
156 310
156 325
156 435
157 135
157 389
158 1
158 2
158 11
158 12
158 15
158 16
158 18
158 23
158 30
158 33
158 34
158 35
158 36
158 38
158 40
158 45
158 46
158 51
158 53
158 54
158 58
158 61
158 65
158 66
158 68
158 69
158 70
158 71
158 73
158 75
158 78
158 80
158 89
158 96
158 98
158 101
158 105
158 109
158 112
158 113
158 114
158 116
158 119
158 120
158 121
158 122
158 123
158 124
158 125
158 127
158 129
158 130
158 133
158 134
158 135
158 139
158 142
158 144
158 146
158 148
158 151
158 154
158 155
158 157
158 160
158 164
158 166
158 167
158 176
158 177
158 182
158 186
158 192
158 193
158 195
158 196
158 197
158 199
158 202
158 204
158 209
158 210
158 215
158 219
158 221
158 223
158 225
158 228
158 230
158 238
158 241
158 242
158 244
158 245
158 246
158 247
158 250
158 255
158 260
158 263
158 264
158 265
158 267
158 269
158 270
158 271
158 274
158 276
158 277
158 279
158 280
158 281
158 282
158 290
158 291
158 292
158 298
158 305
158 306
158 309
158 310
158 311
158 312
158 316
158 317
158 320
158 321
158 326
158 336
158 339
158 341
158 342
158 348
158 350
158 353
158 355
158 357
158 359
158 364
158 366
158 373
158 379
158 380
158 382
158 387
158 389
158 390
158 391
158 397
158 398
158 399
158 403
158 410
158 411
158 413
158 416
158 417
158 418
158 419
158 420
158 423
158 424
158 426
158 428
158 429
158 430
158 435
158 436
158 444
158 447
159 36
159 111
159 129
159 435
160 317
160 321
161 14
161 26
161 27
161 34
161 36
161 39
161 43
161 49
161 51
161 54
161 67
161 68
161 69
161 71
161 81
161 93
161 98
161 101
161 111
161 122
161 129
161 136
161 142
161 149
161 151
161 166
161 167
161 177
161 200
161 205
161 213
161 225
161 227
161 228
161 238
161 241
161 244
161 280
161 298
161 310
161 312
161 317
161 321
161 325
161 339
161 357
161 359
161 360
161 364
161 369
161 403
161 404
161 410
161 413
161 424
161 428
161 436
161 441
161 442
161 444
162 60
162 348
163 129
163 241
163 310
163 379
164 228
164 312
164 402
164 410
165 1
165 310
166 19
166 29
166 30
166 36
166 51
166 65
166 88
166 101
166 122
166 144
166 196
166 199
166 251
166 255
166 262
166 276
166 310
166 314
166 317
166 350
166 359
166 413
166 424
166 426
166 428
166 429
166 435
167 129
167 199
167 364
168 29
168 35
168 49
168 60
168 61
168 68
168 74
168 101
168 122
168 123
168 127
168 129
168 136
168 142
168 172
168 203
168 209
168 214
168 221
168 230
168 241
168 269
168 280
168 305
168 310
168 317
168 321
168 325
168 357
168 364
168 389
168 391
168 397
168 399
168 401
168 410
168 413
168 415
168 428
168 429
168 433
169 67
169 68
169 71
169 122
169 129
169 143
169 154
169 174
169 282
169 289
169 310
169 317
169 364
169 413
169 435
170 45
170 61
170 71
170 93
170 101
170 127
170 209
170 241
170 280
170 310
170 348
170 359
170 428
171 34
171 61
171 317
171 359
172 5
172 61
172 68
172 71
172 101
172 108
172 117
172 123
172 129
172 154
172 234
172 241
172 317
172 359
172 379
172 402
172 410
172 413
172 435
172 444
173 19
173 20
173 23
173 35
173 39
173 68
173 71
173 73
173 74
173 75
173 93
173 98
173 99
173 101
173 113
173 122
173 123
173 127
173 129
173 141
173 154
173 155
173 167
173 193
173 199
173 221
173 222
173 224
173 242
173 255
173 260
173 264
173 267
173 279
173 280
173 281
173 286
173 305
173 310
173 317
173 319
173 321
173 324
173 325
173 342
173 348
173 353
173 357
173 359
173 363
173 372
173 373
173 389
173 396
173 397
173 399
173 410
173 413
173 424
173 428
173 434
173 444
174 71
174 98
174 101
174 444
175 129
175 306
176 68
176 292
177 71
177 101
177 129
177 310
177 317
177 406
178 101
178 129
179 122
179 129
179 135
179 146
179 170
179 360
180 228
180 235
181 5
181 160
181 247
181 255
181 290
181 340
181 379
181 389
182 36
182 306
183 101
183 129
183 350
184 46
184 71
185 122
185 310
185 317
185 359
186 68
186 101
186 111
186 122
186 289
186 310
186 359
186 413
187 101
187 238
187 241
187 255
187 301
187 306
187 349
187 413
187 428
187 435
187 436
188 101
188 102
188 129
188 310
189 12
189 61
189 68
189 74
189 93
189 101
189 122
189 123
189 129
189 135
189 167
189 228
189 234
189 238
189 246
189 305
189 310
189 317
189 365
189 391
190 68
190 347
190 423
191 391
191 410
192 379
192 436
193 119
193 122
193 123
193 129
193 317
194 36
194 51
194 53
194 61
194 68
194 71
194 122
194 129
194 149
194 154
194 204
194 241
194 276
194 289
194 305
194 310
194 316
194 317
194 364
194 370
194 410
194 419
195 122
195 129
195 136
195 241
195 246
195 298
195 306
195 310
195 317
195 370
195 413
195 436
196 101
196 129
196 135
196 154
196 241
196 310
196 355
196 364
196 434
197 2
197 12
197 19
197 23
197 39
197 61
197 67
197 68
197 71
197 99
197 101
197 111
197 118
197 122
197 123
197 129
197 135
197 190
197 199
197 204
197 276
197 280
197 289
197 309
197 310
197 317
197 321
197 424
197 428
198 129
198 310
198 322
199 36
199 51
199 69
199 101
199 122
199 129
199 146
199 155
199 161
199 195
199 228
199 280
199 305
199 325
199 392
199 413
200 5
200 19
200 29
200 30
200 49
200 60
200 61
200 67
200 68
200 71
200 89
200 98
200 101
200 105
200 111
200 122
200 123
200 129
200 135
200 136
200 143
200 154
200 175
200 177
200 204
200 209
200 214
200 221
200 228
200 241
200 280
200 289
200 290
200 310
200 317
200 339
200 356
200 359
200 360
200 364
200 391
200 417
200 424
200 428
200 429
200 444
201 71
201 79
201 310
202 2
202 34
202 54
202 67
202 68
202 75
202 101
202 112
202 129
202 154
202 155
202 156
202 161
202 166
202 170
202 196
202 215
202 241
202 243
202 255
202 260
202 274
202 276
202 286
202 289
202 305
202 310
202 311
202 324
202 325
202 333
202 350
202 359
202 364
202 370
202 407
202 413
202 423
202 435
202 441
203 61
203 71
203 99
203 111
203 123
203 129
203 190
203 222
203 260
203 276
203 280
203 317
203 321
203 404
203 413
203 428
204 122
204 310
204 324
205 129
205 359
206 344
206 423
207 1
207 3
207 7
207 29
207 35
207 71
207 83
207 89
207 101
207 111
207 129
207 149
207 154
207 163
207 165
207 170
207 194
207 241
207 280
207 281
207 283
207 307
207 317
207 321
207 326
207 348
207 363
207 373
207 379
207 391
207 399
207 415
207 426
207 439
207 444
207 445
208 324
208 359
209 49
209 61
209 71
209 93
209 101
209 117
209 122
209 123
209 129
209 135
209 137
209 167
209 197
209 241
209 280
209 289
209 307
209 310
209 317
209 321
209 336
209 348
209 349
209 353
209 372
209 375
209 379
209 413
209 423
209 428
210 61
210 99
210 101
210 111
210 119
210 129
210 200
210 255
210 282
210 301
210 428
211 35
211 270
211 436
212 1
212 129
212 183
212 428
213 51
213 125
213 129
213 228
213 241
213 279
213 310
213 317
213 321
213 364
213 413
213 438
214 2
214 12
214 13
214 19
214 30
214 34
214 36
214 51
214 60
214 61
214 68
214 71
214 74
214 75
214 89
214 98
214 101
214 106
214 110
214 111
214 115
214 118
214 121
214 122
214 123
214 129
214 133
214 136
214 150
214 154
214 155
214 160
214 166
214 167
214 177
214 186
214 188
214 195
214 203
214 214
214 215
214 222
214 227
214 228
214 241
214 246
214 248
214 252
214 255
214 261
214 262
214 269
214 276
214 280
214 282
214 293
214 310
214 311
214 316
214 317
214 325
214 339
214 344
214 345
214 347
214 348
214 350
214 359
214 360
214 364
214 365
214 373
214 379
214 382
214 391
214 403
214 411
214 413
214 417
214 418
214 426
214 428
214 430
214 435
214 436
214 444
215 92
215 151
215 207
215 310
215 359
215 364
216 2
216 30
216 35
216 36
216 49
216 54
216 60
216 61
216 68
216 71
216 82
216 98
216 101
216 115
216 119
216 122
216 129
216 139
216 143
216 154
216 196
216 209
216 227
216 229
216 241
216 251
216 255
216 262
216 270
216 280
216 310
216 316
216 317
216 350
216 355
216 364
216 393
216 413
216 428
216 429
216 435
216 441
217 36
217 61
217 68
217 71
217 88
217 90
217 111
217 119
217 122
217 123
217 129
217 138
217 151
217 164
217 173
217 220
217 221
217 228
217 241
217 247
217 274
217 280
217 290
217 307
217 308
217 310
217 316
217 317
217 320
217 324
217 334
217 353
217 363
217 391
217 408
217 410
217 413
217 420
217 423
217 435
217 444
218 9
218 36
218 61
218 67
218 68
218 69
218 122
218 129
218 138
218 143
218 154
218 177
218 204
218 209
218 241
218 280
218 281
218 282
218 310
218 317
218 321
218 391
218 410
218 413
218 426
218 428
219 129
219 306
220 241
220 280
221 12
221 16
221 18
221 19
221 26
221 36
221 39
221 49
221 51
221 60
221 61
221 67
221 68
221 71
221 72
221 87
221 89
221 98
221 101
221 116
221 118
221 122
221 129
221 142
221 143
221 155
221 166
221 185
221 186
221 195
221 199
221 209
221 211
221 241
221 247
221 248
221 255
221 262
221 273
221 276
221 306
221 310
221 316
221 317
221 321
221 325
221 355
221 364
221 365
221 370
221 379
221 382
221 391
221 393
221 404
221 406
221 410
221 413
221 423
221 428
221 432
221 439
222 85
222 122
222 129
222 165
222 214
222 241
222 280
222 310
222 317
222 357
222 359
222 388
222 426
222 428
223 101
223 122
223 129
223 360
223 410
224 12
224 167
224 170
224 241
224 248
224 310
224 317
225 35
225 42
225 99
225 101
225 119
225 122
225 127
225 129
225 132
225 154
225 234
225 276
225 280
225 290
225 310
225 316
225 320
225 364
225 391
225 413
226 17
226 40
226 51
226 67
226 68
226 71
226 89
226 94
226 97
226 101
226 111
226 122
226 129
226 187
226 204
226 209
226 228
226 229
226 241
226 243
226 254
226 280
226 282
226 297
226 307
226 310
226 317
226 321
226 357
226 359
226 413
226 417
226 419
226 432
226 435
227 9
227 39
227 54
227 61
227 68
227 71
227 101
227 122
227 129
227 143
227 153
227 163
227 168
227 209
227 228
227 238
227 241
227 247
227 274
227 280
227 310
227 317
227 321
227 359
227 364
227 369
227 391
227 410
227 413
227 417
227 420
228 167
228 353
228 364
229 1
229 119
229 129
229 228
229 280
229 306
229 317
229 379
230 68
230 71
230 123
230 154
230 247
230 312
230 317
230 321
230 359
230 410
230 426
231 101
231 129
231 160
231 310
231 344
232 35
232 98
233 12
233 29
233 61
233 68
233 90
233 92
233 93
233 101
233 114
233 119
233 122
233 123
233 127
233 129
233 143
233 190
233 195
233 228
233 241
233 247
233 282
233 289
233 304
233 305
233 306
233 309
233 310
233 311
233 316
233 342
233 359
233 370
233 373
233 379
233 410
233 419
233 423
233 435
234 289
234 380
235 14
235 98
235 355
235 410
236 325
236 337
236 359
236 364
237 61
237 68
237 71
237 122
237 129
237 143
237 177
237 228
237 241
237 280
237 310
237 360
237 379
237 413
237 420
237 428
237 444
238 1
238 129
238 179
238 310
238 375
238 389
239 2
239 19
239 30
239 36
239 54
239 65
239 68
239 87
239 88
239 101
239 122
239 129
239 143
239 152
239 196
239 251
239 260
239 262
239 276
239 282
239 310
239 317
239 325
239 350
239 370
239 389
239 393
239 426
239 429
239 435
239 441
240 2
240 12
240 19
240 24
240 30
240 33
240 36
240 39
240 49
240 51
240 60
240 61
240 65
240 67
240 68
240 71
240 74
240 85
240 89
240 93
240 98
240 101
240 111
240 116
240 118
240 119
240 121
240 122
240 123
240 127
240 129
240 131
240 136
240 138
240 139
240 142
240 143
240 154
240 155
240 167
240 168
240 170
240 175
240 177
240 178
240 190
240 195
240 197
240 198
240 199
240 209
240 212
240 213
240 222
240 225
240 227
240 228
240 234
240 238
240 241
240 246
240 247
240 255
240 260
240 276
240 280
240 282
240 284
240 289
240 301
240 303
240 305
240 307
240 310
240 317
240 321
240 331
240 338
240 339
240 340
240 344
240 348
240 350
240 353
240 357
240 359
240 360
240 364
240 372
240 373
240 379
240 382
240 389
240 391
240 392
240 393
240 398
240 399
240 410
240 411
240 413
240 415
240 417
240 424
240 426
240 428
240 429
240 431
240 432
240 434
240 435
240 444
241 36
241 61
241 71
241 89
241 101
241 111
241 122
241 129
241 154
241 228
241 241
241 280
241 310
241 316
241 317
241 359
241 364
241 370
241 413
241 435
242 12
242 39
242 68
242 69
242 101
242 119
242 122
242 155
242 166
242 174
242 310
242 359
242 379
242 393
242 413
242 442
243 1
243 36
243 51
243 54
243 60
243 61
243 65
243 68
243 77
243 81
243 92
243 101
243 113
243 121
243 122
243 123
243 129
243 136
243 142
243 154
243 186
243 195
243 198
243 209
243 214
243 215
243 221
243 228
243 241
243 246
243 247
243 270
243 276
243 280
243 281
243 310
243 317
243 321
243 325
243 342
243 348
243 351
243 359
243 360
243 369
243 379
243 388
243 391
243 410
243 426
243 428
243 435
243 436
243 444
243 445
244 2
244 93
244 101
244 154
244 170
244 198
244 280
244 350
244 359
244 425
245 69
245 98
245 102
245 116
245 122
245 129
245 143
245 144
245 209
245 241
245 325
245 344
245 396
245 410
245 413
245 426
246 4
246 19
246 36
246 68
246 71
246 75
246 101
246 121
246 122
246 129
246 143
246 155
246 229
246 241
246 262
246 264
246 274
246 282
246 310
246 317
246 325
246 355
246 359
246 364
246 382
246 413
246 428
246 429
247 12
247 19
247 30
247 32
247 36
247 39
247 42
247 54
247 61
247 65
247 68
247 71
247 89
247 98
247 101
247 119
247 122
247 123
247 129
247 135
247 136
247 137
247 143
247 152
247 154
247 155
247 161
247 163
247 164
247 167
247 170
247 199
247 228
247 235
247 241
247 243
247 253
247 257
247 276
247 279
247 280
247 288
247 310
247 311
247 317
247 321
247 324
247 325
247 344
247 359
247 364
247 373
247 379
247 382
247 392
247 410
247 413
247 417
247 421
247 424
247 426
247 428
247 429
247 434
247 435
247 436
248 9
248 16
248 39
248 42
248 68
248 71
248 78
248 93
248 98
248 101
248 119
248 122
248 125
248 127
248 129
248 139
248 144
248 160
248 170
248 195
248 197
248 204
248 228
248 241
248 248
248 255
248 269
248 276
248 280
248 282
248 289
248 307
248 310
248 311
248 317
248 348
248 357
248 359
248 364
248 379
248 382
248 410
248 419
248 428
248 435
249 51
249 307
249 310
249 410
249 413
250 2
250 16
250 40
250 90
250 101
250 122
250 129
250 186
250 241
250 310
250 342
250 364
250 389
250 441
251 36
251 101
252 32
252 61
252 71
252 101
252 119
252 129
252 153
252 170
252 276
252 291
252 317
252 321
252 344
252 360
252 379
253 102
253 129
253 310
253 364
254 22
254 122
254 129
254 310
255 246
255 299
256 5
256 10
256 12
256 23
256 30
256 51
256 54
256 61
256 65
256 68
256 74
256 86
256 89
256 93
256 98
256 101
256 119
256 122
256 123
256 129
256 155
256 160
256 164
256 195
256 204
256 228
256 241
256 242
256 247
256 248
256 276
256 280
256 284
256 310
256 317
256 336
256 357
256 368
256 389
256 397
256 399
256 410
256 413
256 426
256 435
256 436
257 30
257 241
257 410
258 122
258 129
258 310
258 317
258 321
258 444
259 40
259 410
260 33
260 228
260 306
260 404
261 243
261 305
262 9
262 54
262 101
262 111
262 114
262 119
262 122
262 123
262 129
262 135
262 154
262 168
262 241
262 280
262 292
262 295
262 342
262 353
262 423
262 428
263 75
263 112
263 247
263 447
264 122
264 280
265 39
265 68
265 101
265 119
265 166
265 310
266 68
266 241
266 435
266 436
267 98
267 122
267 127
268 119
268 189
268 350
269 68
269 310
269 399
270 1
270 2
270 29
270 30
270 39
270 61
270 68
270 74
270 79
270 80
270 93
270 101
270 122
270 129
270 143
270 154
270 166
270 186
270 196
270 221
270 241
270 243
270 255
270 260
270 276
270 280
270 309
270 310
270 317
270 325
270 333
270 342
270 353
270 359
270 364
270 370
270 379
270 407
270 413
270 415
270 428
270 441
271 68
271 122
271 165
271 307
271 310
271 364
271 410
272 23
272 51
272 68
272 71
272 75
272 101
272 119
272 122
272 129
272 134
272 143
272 295
272 305
272 310
272 317
272 359
272 379
272 392
272 426
272 428
272 444
273 23
273 51
273 82
273 108
273 122
273 177
273 228
273 241
273 350
273 428
273 436
274 144
274 187
275 2
275 13
275 14
275 26
275 27
275 30
275 36
275 47
275 60
275 61
275 68
275 69
275 71
275 81
275 93
275 98
275 101
275 111
275 118
275 119
275 122
275 123
275 129
275 138
275 142
275 151
275 162
275 166
275 174
275 177
275 179
275 180
275 190
275 198
275 209
275 228
275 238
275 241
275 246
275 255
275 269
275 280
275 282
275 286
275 291
275 292
275 305
275 310
275 312
275 317
275 321
275 347
275 348
275 359
275 360
275 364
275 368
275 373
275 402
275 404
275 410
275 413
275 417
275 418
275 425
275 428
275 435
275 436
275 439
275 441
276 33
276 195
276 255
276 428
277 68
277 379
278 68
278 191
279 30
279 36
279 74
279 90
279 101
279 129
279 146
279 154
279 167
279 177
279 207
279 228
279 241
279 244
279 247
279 260
279 280
279 282
279 294
279 305
279 309
279 310
279 317
279 325
279 344
279 350
279 359
279 364
279 386
279 392
279 399
279 402
279 408
279 410
279 426
279 429
279 435
280 2
280 8
280 12
280 30
280 39
280 48
280 61
280 68
280 71
280 92
280 93
280 99
280 101
280 104
280 112
280 122
280 127
280 129
280 143
280 144
280 146
280 154
280 155
280 174
280 183
280 195
280 204
280 209
280 228
280 241
280 243
280 255
280 280
280 310
280 317
280 321
280 335
280 348
280 349
280 350
280 353
280 357
280 359
280 373
280 379
280 388
280 403
280 410
280 413
280 416
280 426
280 428
280 429
280 431
280 435
280 436
280 438
280 447
281 4
281 36
281 39
281 61
281 68
281 101
281 122
281 151
281 154
281 166
281 168
281 280
281 310
281 320
281 360
281 370
281 379
281 382
282 12
282 18
282 30
282 68
282 71
282 93
282 98
282 101
282 111
282 122
282 129
282 166
282 204
282 241
282 280
282 304
282 305
282 359
282 379
282 391
282 413
282 435
283 12
283 30
283 36
283 38
283 39
283 40
283 53
283 54
283 61
283 68
283 71
283 73
283 99
283 101
283 111
283 123
283 129
283 151
283 154
283 167
283 174
283 187
283 210
283 234
283 289
283 302
283 305
283 310
283 316
283 317
283 360
283 364
283 382
283 388
283 390
283 396
283 413
283 419
283 427
283 428
283 435
284 68
284 122
284 129
284 241
284 341
284 379
285 60
285 436
286 35
286 46
286 49
286 60
286 68
286 71
286 74
286 98
286 101
286 122
286 129
286 143
286 164
286 177
286 188
286 195
286 197
286 199
286 209
286 229
286 241
286 247
286 254
286 257
286 280
286 282
286 305
286 307
286 310
286 317
286 325
286 336
286 343
286 348
286 353
286 357
286 359
286 389
286 391
286 399
286 408
286 410
286 413
286 417
286 428
286 429
286 435
286 436
286 444
287 51
287 68
287 101
287 119
287 123
287 129
287 143
287 152
287 249
287 307
287 310
287 316
287 359
287 364
287 370
287 379
287 392
287 419
287 421
287 435
288 68
288 228
288 365
288 428
289 30
289 35
289 41
289 68
289 101
289 109
289 122
289 127
289 129
289 135
289 136
289 137
289 139
289 166
289 171
289 182
289 193
289 195
289 204
289 211
289 241
289 270
289 276
289 292
289 309
289 310
289 311
289 317
289 373
289 389
289 391
289 410
289 411
289 435
290 359
290 413
291 51
291 61
291 68
291 199
291 280
291 310
291 325
291 413
291 433
292 29
292 34
292 68
292 71
292 129
292 138
292 165
292 209
292 255
292 321
292 359
292 435
293 49
293 129
293 324
293 376
294 30
294 36
294 39
294 53
294 54
294 61
294 99
294 101
294 111
294 123
294 129
294 151
294 167
294 174
294 187
294 210
294 234
294 289
294 310
294 316
294 317
294 360
294 364
294 382
294 390
294 396
294 413
294 419
294 435
295 2
295 12
295 39
295 61
295 67
295 71
295 101
295 121
295 122
295 123
295 129
295 133
295 160
295 192
295 195
295 199
295 204
295 222
295 228
295 241
295 255
295 257
295 280
295 289
295 290
295 305
295 310
295 312
295 317
295 321
295 335
295 380
295 410
295 413
295 419
295 423
295 428
295 436
295 444
296 1
296 13
296 29
296 36
296 49
296 51
296 65
296 68
296 71
296 87
296 98
296 99
296 101
296 113
296 119
296 122
296 123
296 127
296 129
296 141
296 142
296 154
296 166
296 167
296 176
296 177
296 195
296 204
296 220
296 225
296 228
296 238
296 241
296 247
296 249
296 250
296 263
296 264
296 274
296 280
296 282
296 289
296 306
296 310
296 312
296 317
296 319
296 321
296 348
296 350
296 353
296 355
296 357
296 364
296 373
296 410
296 411
296 413
296 417
296 418
296 419
296 420
296 424
296 428
296 435
296 439
296 444
297 71
297 129
297 142
297 167
297 244
297 336
297 433
297 444
298 241
298 389
299 127
299 310
300 226
300 410
301 49
301 68
301 98
301 101
301 129
301 132
301 255
301 391
301 417
301 428
302 39
302 61
302 68
302 71
302 101
302 119
302 122
302 129
302 136
302 245
302 310
302 317
302 324
302 428
302 444
303 129
303 144
303 242
303 310
303 399
303 447
304 129
304 310
304 379
305 75
305 93
305 101
305 127
305 129
305 195
305 247
305 359
305 379
305 391
305 403
305 413
305 423
306 12
306 71
306 99
306 101
306 113
306 122
306 129
306 133
306 163
306 195
306 246
306 317
306 321
306 324
306 335
306 353
306 359
306 369
306 426
307 13
307 23
307 32
307 34
307 51
307 61
307 68
307 71
307 89
307 93
307 101
307 109
307 110
307 122
307 129
307 143
307 160
307 168
307 186
307 198
307 209
307 241
307 243
307 245
307 247
307 248
307 253
307 267
307 269
307 276
307 286
307 290
307 310
307 317
307 321
307 333
307 348
307 353
307 359
307 364
307 376
307 391
307 402
307 410
307 413
307 417
307 423
307 428
307 429
307 435
307 441
308 71
308 87
308 101
308 112
308 122
308 123
308 129
308 154
308 195
308 209
308 241
308 242
308 255
308 280
308 306
308 310
308 317
308 359
308 364
308 365
308 391
308 397
308 399
308 413
308 428
308 435
308 444
309 27
309 54
309 71
309 101
309 111
309 129
309 173
309 214
309 228
309 248
309 253
309 276
309 280
309 359
309 388
309 392
309 417
309 435
309 439
309 444
310 68
310 71
310 91
310 101
310 129
310 138
310 165
310 241
310 280
310 281
310 364
310 370
310 410
310 435
311 122
311 129
311 310
311 435
312 5
312 30
312 71
312 121
312 173
312 247
312 251
312 255
312 280
312 284
312 306
312 315
312 336
312 355
312 435
313 32
313 68
313 71
313 89
313 101
313 122
313 123
313 129
313 154
313 166
313 225
313 228
313 252
313 261
313 263
313 280
313 282
313 305
313 310
313 359
313 364
313 365
313 413
313 428
313 435
314 61
314 65
314 304
314 310
314 359
315 61
315 311
316 101
316 122
316 127
316 129
316 241
316 310
316 364
317 60
317 92
317 101
317 129
317 188
317 435
318 9
318 12
318 19
318 36
318 49
318 51
318 65
318 68
318 71
318 81
318 83
318 87
318 89
318 98
318 101
318 122
318 127
318 129
318 130
318 138
318 139
318 143
318 155
318 163
318 174
318 182
318 198
318 199
318 225
318 228
318 236
318 241
318 247
318 248
318 251
318 254
318 274
318 279
318 280
318 284
318 295
318 301
318 306
318 307
318 310
318 317
318 321
318 323
318 341
318 344
318 355
318 359
318 370
318 372
318 382
318 386
318 397
318 410
318 413
318 428
318 435
318 444
319 359
319 435
320 2
320 4
320 68
320 71
320 75
320 122
320 129
320 154
320 166
320 174
320 196
320 260
320 276
320 310
320 325
320 333
320 359
320 364
320 370
320 407
320 413
320 435
321 61
321 67
321 68
321 71
321 101
321 122
321 129
321 154
321 199
321 209
321 228
321 280
321 310
321 321
321 359
321 413
321 444
322 122
322 129
322 280
322 359
322 364
322 391
322 410
323 1
323 2
323 12
323 35
323 67
323 73
323 101
323 123
323 127
323 129
323 135
323 144
323 154
323 167
323 175
323 209
323 221
323 301
323 305
323 307
323 310
323 316
323 317
323 360
323 382
323 397
323 428
323 445
324 28
324 30
324 36
324 51
324 60
324 68
324 71
324 75
324 81
324 98
324 101
324 118
324 122
324 124
324 129
324 135
324 139
324 160
324 161
324 166
324 176
324 199
324 204
324 228
324 255
324 276
324 305
324 310
324 317
324 324
324 325
324 333
324 355
324 359
324 360
324 410
324 444
324 445
325 12
325 30
325 36
325 39
325 61
325 67
325 68
325 71
325 87
325 98
325 118
325 121
325 123
325 129
325 143
325 154
325 199
325 241
325 255
325 262
325 305
325 306
325 310
325 317
325 353
325 359
325 363
325 379
325 382
325 388
325 390
325 393
325 413
325 414
325 423
325 428
325 435
326 68
326 129
326 280
326 305
327 71
327 122
327 133
327 144
327 167
327 186
327 241
327 255
327 280
327 316
327 317
327 357
327 359
327 410
327 423
327 428
327 435
328 129
328 310
329 34
329 60
329 68
329 99
329 129
329 155
329 179
329 180
329 225
329 228
329 232
329 243
329 244
329 280
329 281
329 310
329 364
329 387
329 393
329 410
329 413
329 428
329 435
330 5
330 15
330 54
330 68
330 101
330 122
330 129
330 136
330 160
330 170
330 195
330 241
330 280
330 290
330 310
330 317
330 323
330 359
330 360
330 389
330 410
330 428
330 435
331 98
331 122
332 19
332 29
332 30
332 36
332 51
332 65
332 87
332 88
332 101
332 144
332 196
332 199
332 251
332 255
332 262
332 276
332 310
332 314
332 317
332 350
332 413
332 424
332 426
332 428
332 429
332 435
332 444
333 98
333 119
333 129
333 143
333 350
333 359
334 1
334 11
334 35
334 39
334 60
334 61
334 68
334 98
334 101
334 111
334 122
334 123
334 129
334 136
334 146
334 165
334 166
334 174
334 197
334 241
334 280
334 281
334 290
334 304
334 310
334 317
334 321
334 325
334 329
334 359
334 364
334 373
334 388
334 392
334 393
334 402
334 410
334 413
334 428
334 436
335 61
335 68
335 71
335 118
335 119
335 122
335 129
335 151
335 154
335 156
335 280
335 310
335 353
335 360
335 379
335 413
336 93
336 360
337 5
337 15
337 17
337 23
337 26
337 30
337 34
337 36
337 38
337 39
337 42
337 45
337 51
337 54
337 61
337 68
337 71
337 75
337 80
337 83
337 98
337 101
337 109
337 111
337 118
337 119
337 122
337 123
337 127
337 129
337 135
337 136
337 138
337 139
337 143
337 144
337 154
337 155
337 164
337 167
337 170
337 173
337 174
337 186
337 190
337 191
337 193
337 194
337 195
337 198
337 199
337 209
337 212
337 215
337 221
337 225
337 228
337 241
337 247
337 248
337 253
337 255
337 265
337 272
337 274
337 280
337 282
337 306
337 307
337 310
337 311
337 316
337 317
337 323
337 325
337 333
337 334
337 348
337 350
337 353
337 357
337 359
337 363
337 364
337 383
337 389
337 391
337 397
337 410
337 413
337 417
337 422
337 423
337 426
337 428
337 429
337 435
337 443
337 444
338 2
338 20
338 39
338 61
338 111
338 129
338 195
338 241
338 310
338 364
338 379
338 391
338 406
338 424
339 1
339 169
339 310
339 331
340 61
340 71
340 89
340 93
340 98
340 101
340 122
340 123
340 129
340 133
340 280
340 310
340 317
340 350
340 364
340 410
340 435
341 305
341 317
342 101
342 265
342 317
343 2
343 19
343 34
343 36
343 40
343 65
343 71
343 98
343 101
343 127
343 129
343 135
343 241
343 310
343 316
343 317
343 325
343 341
343 347
343 376
343 379
343 413
344 36
344 51
344 53
344 61
344 68
344 71
344 122
344 129
344 135
344 149
344 204
344 241
344 276
344 289
344 310
344 316
344 317
344 364
344 370
344 419
345 2
345 13
345 51
345 68
345 101
345 113
345 122
345 129
345 138
345 154
345 160
345 193
345 199
345 204
345 209
345 242
345 247
345 260
345 261
345 274
345 280
345 281
345 282
345 289
345 290
345 305
345 307
345 310
345 317
345 339
345 340
345 359
345 364
345 365
345 391
345 392
345 428
345 436
345 444
346 12
346 19
346 36
346 42
346 68
346 101
346 119
346 122
346 123
346 129
346 167
346 190
346 199
346 204
346 241
346 260
346 276
346 305
346 310
346 316
346 337
346 354
346 357
346 359
346 363
346 382
346 389
346 419
346 423
346 428
347 60
347 68
347 87
347 119
347 129
347 164
347 174
347 197
347 241
347 301
347 310
347 353
347 410
347 413
347 428
348 51
348 359
348 410
349 310
349 364
350 98
350 111
350 129
350 216
351 68
351 392
352 186
352 280
352 310
353 36
353 317
353 364
353 404
354 71
354 154
355 311
355 423
356 36
356 65
356 87
356 101
356 122
356 129
356 160
356 166
356 167
356 199
356 251
356 260
356 282
356 289
356 310
356 317
356 321
356 359
356 364
356 393
356 404
357 116
357 359
358 74
358 310
358 410
358 436
359 61
359 101
359 290
359 373
359 435
359 436
360 4
360 61
360 101
360 309
360 360
360 397
361 310
361 364
362 68
362 410
362 413
363 22
363 68
363 129
363 241
363 325
363 391
363 435
364 22
364 73
364 101
364 122
364 125
364 129
364 151
364 212
364 241
364 310
364 316
364 325
364 435
365 61
365 68
365 93
365 101
365 108
365 111
365 122
365 129
365 143
365 198
365 228
365 241
365 280
365 305
365 310
365 360
365 364
365 383
365 391
365 410
365 413
365 428
365 435
366 102
366 310
366 333
367 2
367 45
367 60
367 61
367 101
367 115
367 122
367 129
367 276
367 280
367 281
367 306
367 348
367 357
367 364
367 379
367 397
367 404
367 410
367 436
368 98
368 109
368 198
368 405
368 436
369 29
369 30
369 88
369 122
369 146
369 188
369 262
369 264
369 321
369 348
369 355
369 435
370 2
370 18
370 27
370 34
370 55
370 61
370 68
370 71
370 75
370 93
370 129
370 143
370 154
370 166
370 190
370 196
370 241
370 242
370 243
370 260
370 267
370 276
370 282
370 310
370 317
370 325
370 333
370 348
370 354
370 359
370 364
370 370
370 379
370 407
370 413
370 423
370 426
370 429
370 435
370 441
370 444
371 12
371 36
371 38
371 40
371 61
371 65
371 67
371 71
371 75
371 101
371 122
371 123
371 127
371 129
371 135
371 143
371 151
371 159
371 164
371 167
371 190
371 210
371 222
371 241
371 243
371 260
371 269
371 280
371 281
371 282
371 302
371 305
371 310
371 312
371 316
371 317
371 338
371 351
371 353
371 359
371 361
371 364
371 373
371 382
371 413
371 426
371 428
371 435
372 36
372 317
372 364
372 404
373 2
373 19
373 30
373 36
373 54
373 65
373 68
373 87
373 88
373 101
373 122
373 129
373 143
373 166
373 196
373 221
373 251
373 260
373 262
373 276
373 282
373 310
373 317
373 325
373 350
373 359
373 370
373 389
373 393
373 413
373 426
373 429
373 435
373 441
374 68
374 71
374 122
374 129
374 143
374 154
374 174
374 282
374 289
374 310
374 317
374 364
374 413
374 435
375 123
375 306
375 316
376 36
376 51
376 68
376 71
376 75
376 101
376 118
376 122
376 123
376 135
376 154
376 167
376 211
376 228
376 241
376 244
376 260
376 282
376 289
376 310
376 312
376 317
376 325
376 399
376 403
376 413
376 428
376 433
377 29
377 60
377 61
377 68
377 71
377 98
377 101
377 111
377 122
377 123
377 127
377 129
377 133
377 153
377 167
377 211
377 227
377 228
377 241
377 242
377 280
377 292
377 305
377 308
377 310
377 316
377 317
377 357
377 364
377 369
377 379
377 404
377 410
377 413
377 415
377 426
377 429
377 435
378 40
378 92
378 241
378 348
378 359
378 365
379 36
379 317
379 364
379 404
380 1
380 2
380 19
380 30
380 34
380 71
380 84
380 98
380 101
380 109
380 112
380 115
380 122
380 129
380 133
380 136
380 139
380 154
380 177
380 181
380 191
380 196
380 227
380 228
380 241
380 247
380 248
380 251
380 255
380 262
380 270
380 274
380 276
380 280
380 300
380 310
380 317
380 321
380 350
380 355
380 364
380 373
380 391
380 392
380 393
380 410
380 413
380 415
380 428
380 434
380 435
380 444
381 195
381 317
381 375
381 423
382 204
382 226
382 306
383 35
383 61
383 68
383 122
383 123
383 129
383 197
383 241
383 274
383 306
383 310
383 316
383 317
383 321
383 382
383 415
383 428
383 435
384 3
384 101
384 122
384 280
385 98
385 248
385 413
385 428
386 19
386 71
386 101
386 122
386 129
386 146
386 161
386 165
386 177
386 289
386 310
386 350
386 352
386 379
386 392
387 310
387 404
388 34
388 36
388 54
388 68
388 71
388 101
388 111
388 114
388 119
388 122
388 129
388 146
388 154
388 162
388 199
388 215
388 228
388 241
388 280
388 282
388 307
388 310
388 316
388 317
388 321
388 344
388 359
388 364
388 365
388 382
388 389
388 391
388 397
388 399
388 406
388 413
388 422
388 423
388 428
388 444
389 21
389 29
389 30
389 39
389 45
389 51
389 68
389 74
389 89
389 119
389 127
389 129
389 196
389 221
389 241
389 255
389 280
389 291
389 310
389 317
389 333
389 348
389 350
389 357
389 359
389 370
389 379
389 389
389 413
389 429
389 435
389 444
390 68
390 129
390 170
390 241
390 310
390 391
390 428
391 68
391 122
391 129
391 146
391 154
391 209
391 229
391 282
391 310
391 316
391 317
391 324
391 353
391 364
391 413
391 423
392 1
392 101
392 122
392 129
392 154
392 280
392 324
392 413
393 5
393 13
393 42
393 68
393 71
393 98
393 101
393 104
393 121
393 122
393 123
393 129
393 143
393 154
393 155
393 163
393 170
393 175
393 195
393 272
393 279
393 280
393 305
393 310
393 311
393 317
393 322
393 333
393 357
393 360
393 364
393 373
393 385
393 391
393 393
393 406
393 413
393 423
393 426
393 428
394 89
394 356
394 359
394 413
395 23
395 49
395 60
395 68
395 75
395 111
395 119
395 121
395 122
395 155
395 167
395 241
395 247
395 255
395 280
395 310
395 317
395 364
395 391
395 395
396 129
396 309
397 36
397 40
397 68
397 94
397 101
397 122
397 129
397 177
397 187
397 204
397 209
397 229
397 241
397 243
397 254
397 280
397 281
397 282
397 285
397 297
397 310
397 364
397 432
397 435
397 436
398 36
398 51
398 54
398 58
398 68
398 69
398 71
398 89
398 92
398 93
398 98
398 101
398 122
398 129
398 132
398 138
398 142
398 154
398 166
398 177
398 195
398 199
398 204
398 209
398 214
398 221
398 224
398 225
398 228
398 241
398 247
398 248
398 261
398 280
398 282
398 284
398 298
398 306
398 307
398 310
398 316
398 317
398 321
398 325
398 339
398 342
398 359
398 360
398 364
398 365
398 372
398 379
398 391
398 399
398 410
398 413
398 417
398 423
398 436
398 445
399 1
399 68
399 101
399 113
399 119
399 122
399 129
399 154
399 166
399 190
399 221
399 276
399 280
399 287
399 289
399 310
399 316
399 359
399 404
399 423
399 435
400 61
400 119
400 122
400 151
400 156
400 280
400 310
400 353
400 360
400 379
400 413
400 424
401 61
401 68
401 93
401 111
401 122
401 129
401 276
401 280
401 316
401 325
402 1
402 2
402 12
402 35
402 67
402 73
402 101
402 123
402 127
402 129
402 135
402 144
402 154
402 167
402 175
402 221
402 301
402 305
402 307
402 310
402 316
402 317
402 360
402 382
402 397
402 410
402 428
402 445
403 2
403 9
403 30
403 33
403 36
403 40
403 41
403 49
403 54
403 61
403 68
403 101
403 119
403 122
403 123
403 127
403 129
403 142
403 197
403 204
403 215
403 228
403 241
403 247
403 276
403 280
403 290
403 305
403 309
403 310
403 317
403 333
403 342
403 357
403 364
403 365
403 389
403 394
403 402
403 413
403 424
403 436
404 61
404 111
404 166
404 317
404 379
405 34
405 68
405 101
405 123
405 127
405 129
405 215
405 333
405 399
405 410
405 413
406 2
406 35
406 36
406 46
406 54
406 68
406 71
406 98
406 101
406 111
406 113
406 122
406 123
406 129
406 143
406 155
406 165
406 166
406 167
406 241
406 282
406 307
406 310
406 333
406 339
406 344
406 355
406 364
406 369
406 399
406 402
406 410
406 413
406 435
407 256
407 280
408 36
408 317
408 364
408 404
409 129
409 205
409 280
409 385
409 413
410 61
410 129
410 140
410 165
410 204
410 310
410 316
410 342
411 68
411 310
412 2
412 9
412 39
412 51
412 60
412 61
412 68
412 71
412 74
412 92
412 93
412 98
412 101
412 117
412 119
412 122
412 129
412 166
412 195
412 207
412 222
412 245
412 246
412 276
412 280
412 301
412 306
412 309
412 310
412 317
412 324
412 359
412 364
412 390
412 410
412 413
412 435
413 29
413 36
413 45
413 50
413 51
413 60
413 61
413 65
413 68
413 69
413 71
413 89
413 98
413 101
413 119
413 122
413 129
413 136
413 143
413 151
413 154
413 166
413 177
413 188
413 204
413 206
413 215
413 228
413 241
413 260
413 261
413 263
413 268
413 276
413 280
413 290
413 307
413 310
413 317
413 339
413 344
413 348
413 359
413 360
413 364
413 365
413 370
413 402
413 410
413 413
413 423
413 426
413 428
413 430
413 434
413 435
413 439
413 445
414 19
414 94
414 101
414 129
414 144
414 245
414 254
414 317
414 326
415 67
415 68
415 122
415 199
415 310
415 337
415 359
416 49
416 54
416 61
416 111
416 119
416 122
416 129
416 241
416 276
416 280
416 281
416 310
416 359
416 364
416 413
416 432
416 435
417 1
417 101
417 413
418 129
418 160
419 122
419 142
419 241
419 357
420 40
420 97
420 122
420 129
420 246
420 280
420 310
420 317
420 325
420 359
420 397
420 410
420 435
421 61
421 67
421 68
421 71
421 101
421 111
421 122
421 127
421 129
421 144
421 166
421 221
421 241
421 260
421 280
421 307
421 310
421 317
421 354
421 360
421 364
421 373
421 379
421 394
421 424
422 1
422 36
422 68
422 129
422 138
422 245
422 280
422 418
423 35
423 71
423 75
423 101
423 122
423 210
423 280
423 317
423 410
423 428
424 23
424 36
424 49
424 54
424 61
424 66
424 68
424 69
424 71
424 89
424 98
424 101
424 122
424 129
424 138
424 142
424 146
424 154
424 163
424 166
424 177
424 192
424 195
424 197
424 199
424 204
424 209
424 214
424 221
424 224
424 228
424 241
424 246
424 247
424 261
424 280
424 282
424 298
424 306
424 307
424 310
424 316
424 317
424 321
424 325
424 334
424 339
424 348
424 359
424 364
424 384
424 392
424 405
424 410
424 413
424 417
424 423
424 426
424 428
424 429
424 436
424 441
424 444
425 68
425 129
425 154
425 188
425 197
425 310
425 324
425 325
425 359
425 364
425 388
425 403
425 435
426 143
426 325
426 350
426 383
427 305
427 436
428 1
428 29
428 39
428 61
428 68
428 98
428 101
428 108
428 121
428 122
428 129
428 132
428 154
428 166
428 175
428 192
428 235
428 241
428 256
428 280
428 305
428 310
428 359
428 360
428 364
428 369
428 379
428 383
428 391
428 402
428 406
428 410
428 413
428 417
428 424
428 426
428 428
428 431
429 12
429 36
429 61
429 65
429 67
429 71
429 75
429 101
429 122
429 127
429 129
429 143
429 151
429 159
429 164
429 167
429 210
429 222
429 228
429 241
429 243
429 260
429 269
429 280
429 282
429 305
429 310
429 312
429 316
429 317
429 338
429 351
429 359
429 361
429 364
429 373
429 379
429 413
429 426
429 428
429 435
430 129
430 209
430 399
430 433
430 435
431 68
431 101
431 119
431 129
431 170
431 177
431 234
431 244
431 289
431 317
432 68
432 71
432 98
432 101
432 122
432 129
432 144
432 150
432 165
432 177
432 195
432 209
432 221
432 233
432 255
432 289
432 310
432 317
432 348
432 379
432 391
432 399
432 435
433 61
433 68
433 71
433 123
433 167
433 204
433 255
433 304
433 359
433 375
433 413
434 4
434 36
434 39
434 61
434 68
434 101
434 122
434 151
434 154
434 166
434 168
434 280
434 305
434 310
434 320
434 359
434 360
434 364
434 370
434 379
434 382
434 413
435 61
435 241
435 255
435 282
435 300
435 423
436 96
436 98
436 101
436 111
436 122
436 123
436 129
436 143
436 241
436 310
436 317
436 348
436 379
436 410
436 413
436 428
437 39
437 428
438 2
438 17
438 32
438 35
438 38
438 47
438 54
438 61
438 64
438 67
438 68
438 71
438 101
438 109
438 110
438 117
438 119
438 122
438 123
438 129
438 135
438 154
438 156
438 157
438 160
438 164
438 166
438 167
438 178
438 186
438 190
438 191
438 193
438 197
438 203
438 210
438 221
438 228
438 241
438 246
438 248
438 255
438 263
438 264
438 276
438 290
438 293
438 303
438 310
438 312
438 316
438 324
438 325
438 348
438 359
438 364
438 379
438 388
438 389
438 390
438 397
438 410
438 413
438 415
438 419
438 423
438 428
438 435
438 441
438 447
439 68
439 129
439 389
439 391
439 435
440 129
440 241
441 69
441 71
441 101
441 166
441 274
441 310
441 317
441 325
441 351
441 359
441 413
441 426
442 1
442 12
442 36
442 38
442 40
442 54
442 61
442 65
442 71
442 78
442 101
442 110
442 111
442 118
442 121
442 129
442 137
442 156
442 160
442 166
442 167
442 176
442 238
442 241
442 276
442 280
442 289
442 310
442 317
442 319
442 325
442 359
442 372
442 379
442 393
442 396
442 413
442 419
442 423
442 426
442 428
443 54
443 68
443 86
443 92
443 93
443 123
443 129
443 154
443 162
443 195
443 241
443 243
443 276
443 280
443 301
443 321
443 325
443 347
443 363
443 379
443 413
443 429
443 441
444 22
444 101
444 122
444 310
444 317
445 68
445 193
446 68
446 122
446 154
446 379
446 389
446 444
447 2
447 12
447 29
447 30
447 54
447 61
447 68
447 83
447 101
447 105
447 114
447 119
447 121
447 122
447 123
447 129
447 135
447 139
447 144
447 154
447 167
447 190
447 212
447 215
447 222
447 228
447 238
447 241
447 248
447 251
447 255
447 268
447 280
447 282
447 290
447 305
447 310
447 312
447 313
447 317
447 321
447 341
447 342
447 343
447 357
447 364
447 382
447 391
447 399
447 408
447 410
447 411
447 413
447 423
447 428
447 435
448 101
448 129
448 155
448 204
448 280
448 359
448 444
449 93
449 101
449 129
449 222
450 36
450 39
450 42
450 65
450 96
450 98
450 101
450 119
450 122
450 129
450 142
450 153
450 156
450 164
450 174
450 228
450 241
450 244
450 253
450 274
450 280
450 281
450 287
450 310
450 317
450 348
450 359
450 387
450 410
450 413
450 435
451 2
451 12
451 19
451 29
451 34
451 43
451 61
451 71
451 74
451 98
451 99
451 101
451 113
451 115
451 122
451 123
451 129
451 151
451 177
451 198
451 199
451 204
451 222
451 225
451 228
451 239
451 241
451 257
451 280
451 282
451 305
451 306
451 310
451 316
451 317
451 325
451 334
451 342
451 348
451 359
451 364
451 365
451 373
451 391
451 393
451 410
451 413
451 426
451 435
451 436
451 442
451 444
452 280
452 285
453 107
453 129
453 167
453 195
453 241
453 255
453 310
453 324
453 326
453 392
454 68
454 308
455 99
455 129
455 309
455 316
455 359
456 12
456 68
456 101
456 111
456 113
456 121
456 129
456 153
456 195
456 280
456 289
456 310
456 317
456 324
456 336
456 357
456 379
456 423
456 438
457 13
457 68
457 71
457 101
457 119
457 129
457 305
457 310
457 325
457 390
457 428
457 439
458 30
458 68
458 75
458 101
458 122
458 129
458 136
458 139
458 152
458 160
458 170
458 193
458 195
458 197
458 203
458 211
458 218
458 245
458 246
458 248
458 267
458 274
458 280
458 306
458 310
458 324
458 348
458 389
458 399
458 402
458 410
458 435
459 49
459 54
459 101
459 122
459 123
459 129
459 195
459 199
459 204
459 241
459 255
459 273
459 280
459 307
459 310
459 317
459 346
459 349
459 357
459 360
459 389
459 391
459 399
459 413
459 428
460 129
460 143
460 410
460 413
461 32
461 101
461 129
461 160
461 177
461 353
461 399
462 119
462 122
462 276
462 310
463 289
463 380
464 12
464 16
464 29
464 30
464 36
464 49
464 51
464 60
464 61
464 65
464 67
464 68
464 71
464 82
464 101
464 111
464 113
464 115
464 121
464 122
464 123
464 129
464 136
464 143
464 146
464 164
464 166
464 167
464 170
464 174
464 177
464 179
464 190
464 201
464 204
464 205
464 209
464 221
464 241
464 304
464 306
464 310
464 317
464 325
464 337
464 344
464 347
464 348
464 359
464 360
464 364
464 367
464 370
464 379
464 391
464 393
464 396
464 413
464 428
464 429
464 434
464 435
464 436
464 444
465 68
465 75
465 101
465 122
465 129
465 144
465 146
465 155
465 212
465 225
465 228
465 289
465 359
465 360
465 364
465 423
466 122
466 135
466 272
466 310
467 309
467 424
468 32
468 122
468 391
469 22
469 101
469 119
469 129
469 164
469 228
469 310
469 410
469 428
469 433
470 18
470 34
470 51
470 68
470 74
470 88
470 98
470 101
470 122
470 129
470 153
470 184
470 204
470 241
470 247
470 280
470 282
470 290
470 310
470 317
470 324
470 343
470 359
470 364
470 391
470 401
470 410
470 413
470 436
471 98
471 123
472 101
472 102
472 129
472 289
472 310
473 129
473 352
474 2
474 11
474 12
474 13
474 32
474 34
474 35
474 39
474 54
474 60
474 61
474 68
474 71
474 89
474 93
474 98
474 99
474 101
474 108
474 114
474 122
474 123
474 129
474 136
474 138
474 142
474 143
474 144
474 155
474 160
474 161
474 165
474 166
474 195
474 198
474 221
474 238
474 241
474 247
474 255
474 259
474 265
474 276
474 280
474 289
474 301
474 310
474 311
474 317
474 322
474 337
474 350
474 353
474 357
474 359
474 360
474 364
474 369
474 373
474 388
474 390
474 392
474 393
474 397
474 410
474 413
474 416
474 419
474 428
474 429
475 101
475 304
475 306
475 310
475 410
476 71
476 98
476 102
476 306
476 353
477 29
477 37
477 59
477 60
477 61
477 98
477 101
477 102
477 113
477 122
477 129
477 153
477 155
477 165
477 169
477 228
477 241
477 242
477 247
477 253
477 255
477 267
477 274
477 280
477 310
477 317
477 348
477 353
477 356
477 357
477 359
477 363
477 364
477 391
477 399
477 410
477 413
477 428
477 430
477 435
478 176
478 310
478 348
478 428
479 317
479 324
479 413
479 428
480 68
480 129
481 129
481 154
481 170
481 186
481 324
481 399
481 444
482 36
482 51
482 60
482 61
482 67
482 68
482 71
482 83
482 98
482 101
482 111
482 119
482 122
482 129
482 143
482 154
482 162
482 177
482 193
482 196
482 211
482 224
482 227
482 228
482 241
482 255
482 280
482 310
482 316
482 317
482 325
482 341
482 350
482 355
482 359
482 413
482 417
482 428
483 68
483 122
483 129
483 143
483 154
483 197
483 241
483 248
483 286
483 348
483 410
483 428
484 111
484 129
484 155
484 174
484 241
484 246
484 256
484 310
484 353
484 370
484 428
485 1
485 13
485 33
485 98
485 99
485 123
485 129
485 167
485 239
485 245
485 310
485 324
485 370
485 380
485 399
486 39
486 305
487 2
487 36
487 49
487 54
487 61
487 68
487 73
487 84
487 98
487 101
487 111
487 122
487 123
487 129
487 154
487 173
487 195
487 201
487 228
487 241
487 245
487 255
487 279
487 281
487 310
487 317
487 319
487 321
487 357
487 397
487 410
487 413
487 428
487 446
488 3
488 68
488 69
488 71
488 101
488 107
488 122
488 129
488 144
488 243
488 255
488 280
488 310
488 360
488 399
488 410
488 423
488 428
488 436
488 441
488 447
489 61
489 101
489 129
489 319
490 119
490 122
490 186
490 276
491 129
491 154
491 204
491 280
492 68
492 119
492 122
492 129
492 317
492 359
492 433
493 68
493 101
493 111
493 122
493 129
493 217
493 310
493 316
493 325
493 364
493 426
493 435
494 17
494 54
494 101
494 135
494 154
494 167
494 310
494 317
494 359
494 360
494 364
494 379
494 388
494 389
494 391
494 397
494 413
494 435
495 61
495 102
495 129
495 138
495 241
495 324
495 435
496 68
496 353
497 71
497 123
497 310
498 98
498 101
498 122
498 281
498 317
498 324
498 355
498 432
499 30
499 35
499 68
499 101
499 122
499 129
499 137
499 139
499 166
499 221
499 251
499 310
499 389
499 393
499 415
499 435
500 9
500 12
500 34
500 36
500 38
500 40
500 53
500 61
500 67
500 68
500 71
500 73
500 98
500 101
500 111
500 119
500 122
500 123
500 126
500 128
500 129
500 133
500 135
500 151
500 154
500 155
500 167
500 174
500 187
500 195
500 210
500 214
500 215
500 276
500 280
500 287
500 289
500 302
500 305
500 310
500 316
500 317
500 321
500 344
500 348
500 359
500 360
500 370
500 379
500 382
500 389
500 391
500 396
500 399
500 404
500 408
500 410
500 413
500 417
500 419
500 427
500 428
500 435
500 436
501 94
501 122
501 187
501 229
501 245
501 254
501 280
501 376
502 2
502 9
502 12
502 36
502 39
502 48
502 61
502 68
502 71
502 99
502 122
502 129
502 151
502 205
502 221
502 228
502 241
502 285
502 310
502 348
502 350
502 362
502 368
502 379
502 388
502 399
502 410
502 413
502 435
502 436
502 444
503 139
503 234
503 423
504 12
504 20
504 35
504 39
504 49
504 51
504 54
504 65
504 67
504 71
504 93
504 98
504 99
504 100
504 101
504 111
504 113
504 119
504 122
504 129
504 132
504 139
504 151
504 154
504 174
504 177
504 203
504 204
504 217
504 221
504 228
504 238
504 242
504 243
504 248
504 255
504 261
504 280
504 287
504 292
504 307
504 310
504 313
504 317
504 344
504 359
504 360
504 364
504 365
504 371
504 376
504 379
504 388
504 391
504 402
504 404
504 410
504 413
504 416
504 422
504 426
504 428
504 435
505 35
505 51
505 68
505 101
505 119
505 122
505 129
505 195
505 197
505 207
505 241
505 291
505 299
505 310
505 317
505 325
505 359
505 373
505 389
505 391
505 410
505 428
505 436
506 9
506 11
506 12
506 16
506 35
506 36
506 42
506 51
506 61
506 65
506 68
506 71
506 74
506 78
506 83
506 89
506 93
506 98
506 101
506 122
506 123
506 129
506 142
506 144
506 166
506 167
506 176
506 193
506 228
506 241
506 253
506 255
506 276
506 280
506 284
506 289
506 306
506 310
506 316
506 317
506 326
506 337
506 348
506 353
506 357
506 360
506 365
506 381
506 391
506 410
506 413
506 417
507 5
507 68
507 101
507 122
507 155
507 360
508 30
508 71
508 101
508 142
508 195
508 221
508 246
509 2
509 30
509 35
509 36
509 49
509 61
509 89
509 101
509 102
509 122
509 123
509 136
509 154
509 164
509 193
509 255
509 280
509 289
509 310
509 326
509 344
509 350
509 352
509 359
509 399
509 409
509 410
509 417
509 423
509 428
509 429
509 435
510 102
510 129
510 310
510 333
511 30
511 32
511 36
511 49
511 55
511 68
511 71
511 75
511 89
511 101
511 122
511 129
511 133
511 138
511 144
511 154
511 155
511 167
511 190
511 193
511 201
511 221
511 228
511 233
511 239
511 241
511 243
511 247
511 248
511 255
511 276
511 280
511 281
511 282
511 310
511 317
511 348
511 353
511 359
511 379
511 391
511 393
511 406
511 410
511 413
511 417
511 424
511 428
511 435
511 444
512 21
512 67
512 122
512 129
512 143
512 170
512 221
512 228
512 255
512 289
512 307
512 317
512 324
512 385
512 413
513 36
513 54
513 61
513 68
513 71
513 89
513 101
513 111
513 122
513 129
513 154
513 228
513 241
513 280
513 310
513 316
513 364
513 370
513 435
514 68
514 101
514 129
514 154
514 228
514 359
514 391
514 436
515 9
515 12
515 21
515 30
515 40
515 74
515 98
515 122
515 123
515 129
515 132
515 186
515 217
515 238
515 241
515 244
515 247
515 280
515 291
515 310
515 317
515 348
515 355
515 364
515 417
515 428
515 434
515 435
516 36
516 317
516 364
516 404
517 30
517 51
517 101
517 109
517 127
517 129
517 139
517 197
517 255
517 276
517 280
517 285
517 309
517 310
517 316
517 387
517 389
517 413
517 429
517 435
518 337
518 359
518 364
519 129
519 214
519 216
519 348
519 399
519 413
519 420
520 4
520 19
520 36
520 74
520 75
520 101
520 121
520 122
520 129
520 143
520 155
520 229
520 241
520 262
520 264
520 274
520 282
520 295
520 310
520 317
520 325
520 355
520 359
520 364
520 382
520 413
520 428
521 170
521 324
522 61
522 68
522 69
522 71
522 99
522 101
522 119
522 122
522 129
522 216
522 241
522 276
522 280
522 317
522 344
522 348
522 357
523 1
523 2
523 12
523 23
523 35
523 36
523 38
523 40
523 53
523 61
523 67
523 68
523 73
523 101
523 111
523 123
523 127
523 129
523 135
523 143
523 144
523 146
523 151
523 154
523 155
523 167
523 174
523 175
523 187
523 210
523 221
523 289
523 301
523 302
523 305
523 307
523 310
523 316
523 317
523 359
523 360
523 382
523 396
523 397
523 404
523 413
523 419
523 427
523 428
523 435
523 445
524 11
524 50
524 60
524 61
524 67
524 68
524 71
524 98
524 101
524 111
524 122
524 129
524 135
524 136
524 154
524 165
524 166
524 170
524 177
524 203
524 204
524 209
524 228
524 235
524 241
524 255
524 280
524 284
524 310
524 317
524 348
524 357
524 359
524 379
524 399
524 410
524 417
524 428
524 434
525 214
525 370
525 403
526 64
526 195
526 309
526 317
527 36
527 317
527 364
527 404
528 107
528 129
528 204
528 324
529 111
529 121
529 399
530 15
530 26
530 34
530 35
530 43
530 49
530 51
530 61
530 65
530 68
530 89
530 93
530 98
530 99
530 101
530 113
530 119
530 122
530 129
530 132
530 154
530 193
530 197
530 221
530 225
530 228
530 241
530 244
530 261
530 267
530 280
530 287
530 292
530 310
530 316
530 317
530 335
530 348
530 359
530 360
530 364
530 379
530 391
530 404
530 413
530 419
530 420
530 423
530 428
530 435
530 439
531 3
531 36
531 317
531 364
531 404
532 45
532 54
532 68
532 71
532 74
532 75
532 98
532 101
532 119
532 122
532 129
532 139
532 154
532 164
532 170
532 193
532 197
532 209
532 222
532 241
532 289
532 310
532 317
532 321
532 325
532 344
532 348
532 353
532 359
532 379
532 410
532 413
532 428
533 51
533 71
533 74
533 101
533 112
533 123
533 129
533 140
533 146
533 214
533 221
533 226
533 228
533 241
533 289
533 310
533 359
533 360
533 368
533 410
533 423
533 435
534 101
534 122
534 324
535 30
535 43
535 61
535 68
535 71
535 122
535 129
535 162
535 207
535 241
535 242
535 255
535 276
535 280
535 282
535 284
535 306
535 310
535 317
535 318
535 324
535 326
535 349
535 359
535 364
535 391
535 403
535 413
535 428
535 429
535 431
535 435
536 11
536 39
536 40
536 60
536 68
536 71
536 101
536 122
536 123
536 129
536 137
536 153
536 199
536 204
536 228
536 238
536 241
536 267
536 280
536 281
536 283
536 294
536 310
536 311
536 317
536 325
536 333
536 336
536 359
536 413
536 418
536 430
536 444
537 12
537 13
537 47
537 54
537 60
537 61
537 65
537 68
537 71
537 74
537 89
537 98
537 101
537 121
537 129
537 154
537 160
537 162
537 167
537 176
537 195
537 225
537 228
537 241
537 264
537 280
537 310
537 317
537 321
537 334
537 348
537 364
537 369
537 373
537 379
537 389
537 397
537 399
537 410
537 413
537 416
537 420
537 428
537 436
537 444
538 54
538 111
538 117
538 123
538 242
538 428
538 433
539 1
539 2
539 4
539 7
539 9
539 11
539 12
539 13
539 18
539 19
539 21
539 23
539 30
539 34
539 35
539 36
539 40
539 46
539 48
539 49
539 51
539 52
539 54
539 55
539 57
539 60
539 61
539 65
539 66
539 68
539 71
539 73
539 74
539 77
539 78
539 81
539 83
539 89
539 90
539 92
539 98
539 99
539 100
539 101
539 103
539 105
539 109
539 110
539 111
539 113
539 114
539 119
539 121
539 122
539 123
539 125
539 127
539 129
539 130
539 134
539 135
539 136
539 137
539 138
539 139
539 142
539 143
539 144
539 146
539 147
539 151
539 154
539 155
539 160
539 164
539 166
539 167
539 168
539 171
539 173
539 174
539 185
539 186
539 191
539 192
539 193
539 195
539 196
539 199
539 202
539 203
539 208
539 209
539 211
539 222
539 223
539 224
539 225
539 227
539 228
539 238
539 241
539 242
539 243
539 245
539 247
539 248
539 251
539 253
539 255
539 259
539 260
539 261
539 268
539 269
539 270
539 274
539 275
539 276
539 280
539 282
539 283
539 290
539 291
539 298
539 301
539 303
539 305
539 306
539 307
539 309
539 310
539 311
539 312
539 316
539 317
539 321
539 325
539 327
539 335
539 339
539 341
539 342
539 343
539 344
539 348
539 350
539 353
539 355
539 357
539 358
539 359
539 360
539 363
539 364
539 365
539 368
539 370
539 371
539 376
539 377
539 378
539 379
539 382
539 387
539 388
539 389
539 390
539 391
539 392
539 394
539 396
539 397
539 398
539 399
539 402
539 403
539 404
539 406
539 407
539 410
539 411
539 413
539 417
539 419
539 423
539 424
539 426
539 428
539 429
539 430
539 435
539 436
539 444
540 59
540 63
540 101
540 102
540 267
540 353
540 389
541 71
541 410
542 2
542 12
542 34
542 36
542 38
542 39
542 40
542 45
542 51
542 61
542 64
542 67
542 68
542 71
542 76
542 83
542 85
542 93
542 98
542 99
542 101
542 122
542 123
542 127
542 129
542 133
542 135
542 137
542 153
542 159
542 167
542 182
542 188
542 190
542 204
542 217
542 222
542 225
542 228
542 241
542 242
542 243
542 246
542 247
542 250
542 253
542 267
542 270
542 274
542 276
542 280
542 281
542 302
542 305
542 310
542 316
542 317
542 321
542 325
542 329
542 348
542 353
542 357
542 359
542 360
542 361
542 363
542 364
542 373
542 382
542 410
542 420
542 424
542 428
542 444
543 4
543 9
543 11
543 22
543 29
543 67
543 68
543 83
543 98
543 99
543 101
543 122
543 127
543 129
543 136
543 153
543 155
543 164
543 228
543 241
543 246
543 280
543 299
543 305
543 310
543 312
543 344
543 353
543 357
543 399
543 404
543 410
543 413
543 420
543 428
544 22
544 68
544 71
544 135
544 228
544 310
544 319
544 325
544 435
545 54
545 68
545 129
545 316
545 359
545 360
545 364
545 370
545 396
545 413
545 424
546 373
546 428
547 122
547 324
547 413
548 12
548 30
548 68
548 167
548 200
548 305
549 34
549 35
549 61
549 75
549 101
549 129
549 225
549 228
549 241
549 249
549 255
549 264
549 280
549 310
549 348
549 355
549 379
549 410
549 428
549 436
550 92
550 192
550 350
551 122
551 344
551 389
552 98
552 101
552 129
552 280
552 310
553 71
553 101
553 129
553 241
553 310
553 348
553 413
553 446
554 92
554 101
554 113
554 122
554 129
554 241
554 280
554 388
554 410
555 74
555 306
555 334
555 423
556 67
556 122
556 199
556 359
557 30
557 410
558 289
558 380
559 5
559 60
559 71
559 98
559 101
559 255
559 264
559 269
559 306
559 391
559 410
560 325
560 423
561 60
561 68
561 71
561 101
561 122
561 129
561 132
561 136
561 138
561 160
561 165
561 199
561 228
561 238
561 348
561 356
561 359
561 364
561 399
561 410
561 417
561 428
561 444
562 30
562 35
562 49
562 51
562 54
562 61
562 65
562 68
562 71
562 99
562 101
562 122
562 129
562 130
562 154
562 164
562 167
562 195
562 201
562 209
562 214
562 229
562 241
562 247
562 261
562 263
562 270
562 309
562 310
562 316
562 317
562 319
562 324
562 348
562 353
562 357
562 373
562 399
562 410
562 411
562 413
562 439
562 444
563 51
563 68
563 101
563 119
563 122
563 123
563 129
563 143
563 152
563 204
563 249
563 307
563 310
563 316
563 359
563 364
563 370
563 379
563 392
563 419
563 421
563 435
564 19
564 27
564 30
564 33
564 34
564 35
564 60
564 68
564 87
564 88
564 98
564 101
564 115
564 122
564 123
564 129
564 137
564 139
564 154
564 165
564 177
564 181
564 188
564 196
564 241
564 243
564 247
564 251
564 257
564 262
564 265
564 268
564 270
564 274
564 279
564 310
564 317
564 325
564 336
564 364
564 389
564 393
564 410
564 413
564 418
564 428
564 435
564 444
565 2
565 4
565 5
565 19
565 34
565 36
565 43
565 45
565 51
565 54
565 56
565 60
565 61
565 65
565 67
565 68
565 69
565 71
565 74
565 84
565 88
565 89
565 92
565 98
565 101
565 106
565 109
565 111
565 113
565 115
565 121
565 122
565 123
565 129
565 133
565 138
565 139
565 144
565 153
565 154
565 155
565 162
565 165
565 166
565 177
565 186
565 192
565 195
565 222
565 224
565 227
565 228
565 230
565 241
565 245
565 252
565 255
565 260
565 261
565 269
565 274
565 276
565 280
565 281
565 284
565 305
565 310
565 311
565 317
565 325
565 334
565 339
565 344
565 348
565 350
565 353
565 357
565 359
565 360
565 364
565 365
565 366
565 369
565 370
565 373
565 376
565 382
565 383
565 388
565 389
565 390
565 391
565 398
565 403
565 404
565 406
565 410
565 413
565 417
565 423
565 426
565 428
565 435
565 436
565 444
566 12
566 13
566 18
566 39
566 40
566 60
566 71
566 74
566 101
566 122
566 241
566 284
566 310
566 317
566 364
566 376
566 391
566 397
566 410
566 436
566 444
567 36
567 47
567 49
567 68
567 71
567 93
567 101
567 111
567 122
567 127
567 129
567 165
567 204
567 221
567 228
567 241
567 280
567 289
567 310
567 359
567 360
567 372
567 413
567 430
568 1
568 2
568 5
568 9
568 12
568 35
568 36
568 38
568 40
568 49
568 51
568 53
568 54
568 61
568 67
568 68
568 71
568 73
568 78
568 83
568 89
568 98
568 101
568 103
568 111
568 122
568 123
568 127
568 129
568 133
568 135
568 139
568 141
568 144
568 151
568 154
568 156
568 160
568 167
568 175
568 187
568 196
568 197
568 202
568 203
568 210
568 215
568 221
568 247
568 248
568 251
568 255
568 263
568 280
568 301
568 302
568 305
568 307
568 310
568 316
568 317
568 353
568 357
568 359
568 360
568 364
568 372
568 373
568 374
568 382
568 396
568 397
568 399
568 410
568 413
568 419
568 427
568 428
568 435
568 436
568 439
568 445
569 119
569 397
570 2
570 6
570 35
570 42
570 49
570 51
570 54
570 61
570 67
570 68
570 71
570 74
570 101
570 113
570 119
570 122
570 129
570 147
570 154
570 165
570 170
570 174
570 204
570 221
570 228
570 234
570 241
570 261
570 280
570 281
570 289
570 292
570 305
570 306
570 307
570 310
570 317
570 321
570 330
570 339
570 347
570 359
570 365
570 389
570 410
570 413
570 419
570 423
570 428
570 435
571 2
571 23
571 51
571 61
571 68
571 71
571 101
571 122
571 129
571 151
571 154
571 164
571 166
571 174
571 196
571 221
571 222
571 241
571 260
571 261
571 276
571 310
571 317
571 324
571 325
571 333
571 359
571 364
571 370
571 371
571 376
571 407
571 413
571 426
571 435
572 54
572 68
572 129
572 316
572 359
572 360
572 364
572 370
572 396
572 413
572 424
573 61
573 289
574 9
574 32
574 49
574 68
574 71
574 81
574 98
574 101
574 122
574 123
574 129
574 146
574 177
574 224
574 241
574 247
574 280
574 310
574 317
574 321
574 325
574 333
574 342
574 344
574 348
574 355
574 364
574 384
574 410
574 413
574 417
574 444
575 310
575 428
576 60
576 61
576 101
576 324
576 399
577 36
577 317
577 364
577 404
578 43
578 68
578 93
578 119
578 129
578 164
578 255
578 279
578 280
578 282
578 379
578 391
578 413
578 417
578 435
579 50
579 129
579 413
579 436
580 2
580 5
580 8
580 12
580 34
580 39
580 54
580 60
580 61
580 68
580 71
580 74
580 79
580 81
580 89
580 93
580 98
580 101
580 104
580 111
580 113
580 116
580 122
580 127
580 129
580 136
580 142
580 143
580 144
580 145
580 164
580 167
580 170
580 199
580 221
580 228
580 241
580 246
580 247
580 255
580 257
580 280
580 294
580 310
580 317
580 320
580 340
580 341
580 346
580 348
580 353
580 355
580 357
580 359
580 379
580 391
580 399
580 410
580 413
580 417
580 428
580 434
581 12
581 19
581 23
581 36
581 39
581 61
581 67
581 68
581 71
581 111
581 122
581 123
581 129
581 190
581 199
581 204
581 260
581 276
581 280
581 289
581 309
581 310
581 424
581 428
582 101
582 241
582 321
582 436
583 36
583 54
583 119
583 260
583 305
583 357
583 359
583 382
583 419
583 423
583 428
584 43
584 54
584 61
584 101
584 122
584 123
584 129
584 155
584 200
584 241
584 280
584 317
584 364
584 389
585 36
585 61
585 68
585 74
585 101
585 122
585 129
585 136
585 163
585 197
585 224
585 228
585 241
585 247
585 255
585 301
585 310
585 312
585 317
585 325
585 329
585 348
585 350
585 389
585 390
585 410
585 428
586 19
586 36
586 61
586 65
586 68
586 71
586 98
586 100
586 111
586 122
586 123
586 129
586 143
586 146
586 167
586 192
586 217
586 228
586 241
586 245
586 255
586 280
586 291
586 306
586 310
586 317
586 325
586 360
586 367
586 369
586 379
586 384
586 397
586 410
586 411
586 414
586 434
586 444
587 61
587 122
587 144
587 154
587 280
587 359
587 391
587 402
587 428
588 13
588 65
588 68
588 101
588 129
588 154
588 204
588 228
588 241
588 246
588 255
588 258
588 278
588 282
588 289
588 321
588 345
588 348
588 357
588 359
588 368
588 393
588 397
588 428
588 436
589 6
589 12
589 16
589 19
589 29
589 36
589 51
589 54
589 67
589 68
589 71
589 98
589 101
589 115
589 121
589 122
589 123
589 129
589 136
589 143
589 164
589 167
589 170
589 174
589 179
589 190
589 198
589 204
589 205
589 211
589 241
589 288
589 304
589 310
589 312
589 317
589 335
589 344
589 347
589 358
589 359
589 360
589 364
589 370
589 372
589 380
589 391
589 393
589 407
589 410
589 413
589 428
589 435
589 436
590 2
590 11
590 12
590 13
590 18
590 30
590 35
590 43
590 49
590 61
590 67
590 68
590 71
590 73
590 93
590 98
590 101
590 110
590 119
590 122
590 123
590 127
590 129
590 138
590 142
590 143
590 144
590 197
590 209
590 222
590 228
590 241
590 255
590 264
590 268
590 274
590 280
590 291
590 298
590 306
590 307
590 310
590 316
590 317
590 348
590 352
590 353
590 357
590 359
590 364
590 379
590 397
590 410
590 413
590 419
590 423
590 428
590 435
590 436
590 439
590 445
591 11
591 34
591 44
591 68
591 101
591 129
591 167
591 179
591 217
591 228
591 290
591 310
591 325
591 375
591 410
591 413
591 429
592 214
592 319
593 68
593 210
594 123
594 167
595 2
595 23
595 51
595 61
595 68
595 71
595 101
595 122
595 123
595 129
595 151
595 154
595 164
595 166
595 174
595 190
595 196
595 221
595 222
595 241
595 260
595 261
595 276
595 310
595 324
595 325
595 333
595 359
595 364
595 370
595 371
595 376
595 407
595 413
595 426
595 444
596 2
596 6
596 15
596 16
596 17
596 21
596 23
596 28
596 30
596 34
596 38
596 49
596 51
596 61
596 67
596 68
596 73
596 83
596 85
596 93
596 98
596 101
596 107
596 111
596 119
596 120
596 122
596 123
596 127
596 129
596 142
596 146
596 154
596 160
596 164
596 167
596 191
596 197
596 199
596 204
596 209
596 211
596 228
596 238
596 241
596 255
596 272
596 274
596 280
596 281
596 282
596 291
596 305
596 306
596 307
596 309
596 310
596 317
596 321
596 325
596 330
596 334
596 341
596 348
596 357
596 359
596 373
596 376
596 379
596 391
596 398
596 399
596 402
596 403
596 410
596 413
596 418
596 428
596 435
596 444
596 445
597 2
597 129
597 154
597 348
597 359
597 379
598 71
598 101
598 241
598 317
598 391
598 410
599 2
599 4
599 60
599 67
599 68
599 71
599 90
599 92
599 93
599 101
599 109
599 122
599 129
599 154
599 155
599 166
599 171
599 193
599 196
599 238
599 241
599 243
599 260
599 263
599 276
599 306
599 310
599 322
599 325
599 333
599 344
599 359
599 364
599 370
599 389
599 399
599 407
599 410
599 413
599 435
599 441
600 122
600 280
600 310
600 428
601 16
601 26
601 32
601 36
601 43
601 47
601 60
601 61
601 69
601 71
601 89
601 97
601 98
601 101
601 122
601 129
601 136
601 142
601 154
601 166
601 187
601 202
601 209
601 224
601 228
601 241
601 247
601 261
601 298
601 307
601 310
601 317
601 321
601 325
601 359
601 364
601 413
601 417
601 423
601 428
601 435
601 444
602 1
602 23
602 34
602 51
602 98
602 101
602 123
602 129
602 204
602 260
602 291
602 292
602 310
602 325
602 359
602 389
602 410
602 417
603 144
603 204
603 324
604 5
604 102
604 280
604 310
604 348
604 397
605 123
605 129
605 243
605 289
605 364
606 289
606 380
607 2
607 12
607 16
607 30
607 33
607 36
607 49
607 51
607 54
607 61
607 65
607 68
607 71
607 89
607 101
607 111
607 119
607 122
607 128
607 129
607 136
607 146
607 154
607 160
607 166
607 167
607 170
607 174
607 191
607 196
607 202
607 209
607 211
607 214
607 221
607 227
607 228
607 241
607 255
607 262
607 276
607 280
607 281
607 309
607 310
607 317
607 325
607 326
607 333
607 339
607 341
607 350
607 359
607 365
607 367
607 373
607 376
607 379
607 386
607 389
607 390
607 391
607 392
607 399
607 410
607 413
607 417
607 423
607 444
608 36
608 39
608 54
608 61
608 68
608 99
608 101
608 122
608 129
608 143
608 158
608 174
608 185
608 187
608 221
608 241
608 280
608 289
608 310
608 359
608 388
608 426
608 429
609 119
609 129
609 241
609 435
609 447
610 5
610 12
610 30
610 34
610 39
610 51
610 54
610 68
610 71
610 74
610 87
610 93
610 101
610 111
610 122
610 123
610 127
610 129
610 135
610 142
610 143
610 144
610 148
610 155
610 189
610 191
610 200
610 204
610 209
610 228
610 241
610 255
610 260
610 272
610 307
610 310
610 316
610 317
610 321
610 325
610 348
610 353
610 359
610 364
610 365
610 372
610 373
610 376
610 382
610 389
610 399
610 413
610 423
610 424
610 428
610 435
610 436
610 439
611 19
611 37
611 49
611 111
611 164
611 178
611 187
611 217
611 222
611 280
611 307
611 310
611 316
611 359
611 391
611 412
611 413
611 435
611 436
612 226
612 245
613 29
613 34
613 101
613 122
613 165
613 215
613 241
613 274
613 306
613 310
613 321
613 349
613 353
613 373
613 413
613 415
614 2
614 11
614 12
614 19
614 29
614 30
614 40
614 43
614 51
614 53
614 54
614 68
614 71
614 73
614 83
614 86
614 89
614 92
614 98
614 101
614 114
614 122
614 123
614 127
614 129
614 135
614 142
614 146
614 152
614 154
614 160
614 165
614 167
614 173
614 186
614 193
614 194
614 195
614 196
614 197
614 198
614 204
614 210
614 219
614 222
614 228
614 238
614 239
614 241
614 245
614 246
614 248
614 251
614 253
614 255
614 263
614 265
614 269
614 271
614 274
614 280
614 282
614 289
614 293
614 301
614 305
614 306
614 307
614 310
614 316
614 317
614 318
614 324
614 325
614 332
614 342
614 344
614 348
614 350
614 353
614 357
614 359
614 364
614 372
614 373
614 376
614 381
614 382
614 386
614 390
614 396
614 399
614 402
614 410
614 413
614 418
614 423
614 424
614 428
614 429
614 435
615 11
615 13
615 18
615 19
615 23
615 30
615 35
615 39
615 45
615 68
615 98
615 101
615 119
615 122
615 129
615 143
615 154
615 155
615 195
615 197
615 204
615 209
615 220
615 227
615 241
615 242
615 280
615 281
615 282
615 284
615 289
615 310
615 317
615 321
615 324
615 328
615 329
615 334
615 348
615 359
615 364
615 368
615 370
615 373
615 388
615 390
615 392
615 410
615 413
615 414
615 417
615 422
615 423
615 426
615 428
615 429
615 433
615 435
615 439
616 1
616 12
616 17
616 36
616 38
616 40
616 54
616 60
616 61
616 65
616 68
616 71
616 78
616 110
616 111
616 118
616 119
616 121
616 123
616 129
616 137
616 156
616 160
616 166
616 167
616 238
616 241
616 260
616 276
616 280
616 289
616 310
616 317
616 325
616 359
616 372
616 379
616 393
616 396
616 413
616 419
616 423
616 425
616 426
616 428
617 138
617 173
618 4
618 32
618 36
618 44
618 51
618 54
618 60
618 71
618 93
618 98
618 101
618 122
618 129
618 136
618 143
618 154
618 166
618 177
618 187
618 204
618 209
618 214
618 222
618 224
618 225
618 228
618 241
618 261
618 276
618 280
618 301
618 307
618 310
618 317
618 325
618 334
618 357
618 360
618 364
618 391
618 392
618 410
618 413
618 415
618 417
618 423
618 436
619 101
619 391
620 289
620 380
621 122
622 125
622 280
622 291
623 71
623 183
623 248
623 280
623 317
624 122
624 241
624 359
625 68
625 101
625 129
625 241
625 294
625 389
625 391
625 410
626 35
626 154
626 195
626 226
626 230
626 410
627 4
627 36
627 39
627 61
627 68
627 101
627 122
627 151
627 154
627 166
627 168
627 241
627 305
627 310
627 320
627 360
627 364
627 379
627 382
628 34
628 238
628 317
629 30
629 109
629 129
629 139
629 247
629 251
629 264
629 387
629 435
630 71
630 241
630 336
631 54
631 113
631 270
631 312
631 321
631 349
631 353
632 22
632 23
632 122
632 129
632 187
632 309
632 310
632 325
632 391
632 397
632 435
633 9
633 60
633 65
633 68
633 71
633 75
633 101
633 122
633 125
633 129
633 154
633 211
633 228
633 236
633 241
633 261
633 276
633 280
633 310
633 311
633 317
633 336
633 339
633 353
633 359
633 364
633 365
633 367
633 407
633 417
633 423
633 428
633 444
634 122
634 129
634 241
634 417
635 45
635 101
635 129
635 197
635 241
635 251
635 279
635 310
635 355
635 364
635 410
635 413
635 434
636 379
636 424
637 2
637 5
637 12
637 29
637 34
637 54
637 60
637 61
637 68
637 71
637 93
637 98
637 101
637 111
637 114
637 122
637 123
637 129
637 135
637 136
637 154
637 155
637 166
637 194
637 195
637 198
637 221
637 228
637 241
637 245
637 274
637 279
637 280
637 289
637 298
637 305
637 307
637 310
637 317
637 325
637 342
637 344
637 359
637 364
637 375
637 379
637 391
637 392
637 410
637 412
637 413
637 423
637 426
637 428
637 435
637 444
638 13
638 49
638 122
638 129
638 264
638 428
639 36
639 39
639 54
639 61
639 68
639 99
639 101
639 122
639 129
639 143
639 158
639 170
639 174
639 185
639 187
639 221
639 241
639 280
639 289
639 310
639 359
639 360
639 364
639 388
639 426
639 429
640 54
640 61
640 99
640 111
640 129
640 187
640 232
640 241
640 316
640 428
640 435
641 2
641 19
641 32
641 34
641 36
641 49
641 51
641 60
641 65
641 68
641 71
641 75
641 86
641 92
641 101
641 122
641 129
641 138
641 142
641 150
641 153
641 154
641 173
641 204
641 222
641 225
641 241
641 247
641 261
641 274
641 279
641 282
641 290
641 291
641 305
641 306
641 307
641 309
641 310
641 317
641 329
641 336
641 339
641 342
641 348
641 360
641 364
641 365
641 368
641 413
641 418
641 423
641 426
641 428
641 435
641 444
642 119
642 317
642 321
642 428
643 39
643 61
643 68
643 122
643 129
643 143
643 144
643 156
643 193
643 195
643 241
643 255
643 280
643 306
643 348
643 359
643 382
643 399
643 410
643 413
643 416
643 417
643 435
643 444
644 289
644 380
645 129
645 410
646 36
646 68
646 129
646 310
646 317
646 359
646 369
646 417
647 102
647 129
647 310
647 364
648 101
648 109
648 129
648 359
648 364
648 391
648 428
649 2
649 12
649 25
649 35
649 36
649 39
649 42
649 49
649 61
649 67
649 71
649 72
649 86
649 93
649 98
649 99
649 101
649 109
649 122
649 129
649 137
649 153
649 164
649 190
649 209
649 228
649 241
649 243
649 248
649 261
649 274
649 280
649 282
649 302
649 306
649 310
649 317
649 325
649 348
649 351
649 353
649 359
649 379
649 389
649 402
649 405
649 413
649 423
649 424
649 426
649 431
650 2
650 6
650 12
650 18
650 19
650 21
650 30
650 35
650 39
650 49
650 61
650 67
650 68
650 71
650 72
650 73
650 75
650 87
650 92
650 101
650 116
650 118
650 119
650 122
650 123
650 127
650 129
650 142
650 143
650 148
650 154
650 164
650 170
650 171
650 178
650 185
650 189
650 199
650 209
650 211
650 217
650 236
650 238
650 241
650 247
650 253
650 255
650 262
650 267
650 272
650 274
650 280
650 284
650 290
650 296
650 301
650 304
650 305
650 306
650 307
650 309
650 310
650 311
650 313
650 317
650 319
650 348
650 350
650 353
650 355
650 359
650 360
650 379
650 381
650 382
650 390
650 410
650 413
650 414
650 428
650 435
650 437
650 439
651 65
651 342
652 2
652 61
652 71
652 89
652 122
652 129
652 276
652 289
652 368
652 410
652 413
652 423
653 2
653 23
653 32
653 44
653 60
653 61
653 68
653 71
653 91
653 92
653 98
653 101
653 116
653 121
653 122
653 123
653 127
653 129
653 133
653 138
653 141
653 151
653 154
653 162
653 167
653 173
653 177
653 184
653 191
653 195
653 209
653 217
653 221
653 241
653 255
653 280
653 306
653 310
653 317
653 321
653 333
653 342
653 348
653 353
653 357
653 372
653 394
653 408
653 410
653 424
653 428
653 435
653 436
653 439
654 122
654 310
654 317
654 359
654 410
654 413
654 428
655 16
655 36
655 60
655 71
655 101
655 123
655 129
655 170
655 241
655 289
655 310
655 316
655 317
655 321
655 423
656 36
656 60
656 68
656 122
656 129
656 193
656 243
656 413
656 428
656 435
657 154
657 305
657 410
658 359
659 51
659 54
659 68
659 99
659 122
659 129
659 168
659 246
659 280
659 310
659 341
659 364
659 390
659 397
659 413
659 435
660 400
660 410
661 122
661 123
661 228
662 245
662 324
663 2
663 23
663 30
663 51
663 54
663 67
663 68
663 71
663 74
663 75
663 82
663 90
663 93
663 118
663 119
663 122
663 123
663 129
663 135
663 137
663 144
663 154
663 166
663 167
663 170
663 195
663 196
663 200
663 209
663 241
663 242
663 243
663 255
663 260
663 267
663 274
663 276
663 280
663 305
663 310
663 317
663 325
663 333
663 350
663 352
663 359
663 364
663 370
663 395
663 398
663 402
663 407
663 413
663 418
663 426
663 435
663 436
663 441
664 12
664 19
664 36
664 39
664 65
664 67
664 68
664 71
664 98
664 115
664 119
664 122
664 123
664 129
664 151
664 154
664 209
664 280
664 305
664 310
664 316
664 348
664 359
664 428
664 435
664 444
665 39
665 127
666 241
666 324
667 71
667 122
667 129
667 241
667 276
667 348
667 413
667 436
668 2
668 10
668 16
668 23
668 51
668 60
668 61
668 67
668 68
668 71
668 73
668 74
668 98
668 101
668 121
668 129
668 132
668 154
668 155
668 166
668 173
668 176
668 190
668 196
668 197
668 204
668 241
668 243
668 255
668 260
668 276
668 281
668 305
668 310
668 317
668 322
668 325
668 333
668 355
668 359
668 364
668 370
668 388
668 407
668 413
668 426
668 429
668 435
668 441
669 68
669 101
669 111
669 122
669 129
669 217
669 310
669 316
669 325
669 364
669 426
669 435
670 1
670 2
670 12
670 13
670 30
670 35
670 36
670 38
670 40
670 51
670 53
670 54
670 61
670 62
670 67
670 68
670 71
670 73
670 83
670 86
670 98
670 101
670 111
670 116
670 119
670 122
670 123
670 127
670 129
670 135
670 142
670 144
670 151
670 154
670 167
670 173
670 174
670 175
670 178
670 187
670 210
670 221
670 228
670 231
670 235
670 238
670 241
670 244
670 247
670 248
670 255
670 260
670 274
670 280
670 281
670 282
670 287
670 301
670 302
670 305
670 307
670 310
670 316
670 317
670 321
670 325
670 342
670 348
670 353
670 359
670 360
670 370
670 382
670 391
670 396
670 397
670 398
670 399
670 410
670 413
670 417
670 419
670 423
670 427
670 428
670 429
670 430
670 434
670 445
671 337
671 359
671 364
672 60
672 122
672 176
672 228
672 243
672 280
672 323
672 360
672 428
673 2
673 9
673 12
673 14
673 16
673 34
673 36
673 40
673 43
673 46
673 54
673 60
673 61
673 63
673 65
673 68
673 71
673 84
673 86
673 92
673 93
673 98
673 101
673 107
673 111
673 122
673 123
673 127
673 129
673 135
673 136
673 137
673 139
673 142
673 143
673 144
673 154
673 155
673 168
673 175
673 178
673 181
673 186
673 195
673 196
673 198
673 199
673 204
673 209
673 211
673 212
673 219
673 221
673 227
673 241
673 245
673 255
673 269
673 272
673 274
673 276
673 279
673 280
673 282
673 284
673 290
673 303
673 305
673 307
673 310
673 316
673 317
673 321
673 325
673 333
673 335
673 339
673 344
673 350
673 351
673 359
673 360
673 364
673 365
673 369
673 371
673 389
673 391
673 393
673 397
673 399
673 410
673 413
673 417
673 418
673 423
673 424
673 428
673 435
673 436
673 437
673 444
674 35
674 289
674 316
675 194
675 413
676 36
676 129
676 435
677 60
677 122
677 125
677 143
677 228
677 289
677 310
677 337
677 359
677 410
677 413
677 417
678 39
678 68
678 101
678 119
678 166
678 310
679 4
679 122
679 228
679 241
679 289
679 309
679 310
679 350
679 360
679 410
679 428
679 444
680 12
680 18
680 30
680 34
680 38
680 39
680 51
680 68
680 98
680 101
680 115
680 121
680 122
680 123
680 125
680 127
680 129
680 137
680 139
680 141
680 154
680 167
680 178
680 190
680 195
680 227
680 228
680 238
680 241
680 247
680 255
680 270
680 280
680 281
680 310
680 316
680 317
680 335
680 341
680 348
680 350
680 353
680 357
680 363
680 379
680 389
680 390
680 397
680 408
680 413
680 419
680 423
680 428
680 435
681 75
681 101
681 111
681 122
681 123
681 129
681 195
681 241
681 280
681 317
681 359
681 389
681 410
681 423
682 2
682 13
682 60
682 68
682 101
682 111
682 113
682 122
682 123
682 129
682 143
682 148
682 222
682 227
682 228
682 241
682 255
682 280
682 306
682 317
682 364
682 385
682 413
682 444
682 447
683 73
683 310
684 55
684 98
685 195
685 222
685 246
685 435
686 3
686 23
686 36
686 61
686 94
686 101
686 119
686 122
686 187
686 255
686 276
686 280
686 309
686 310
686 359
686 413
686 428
686 435
686 444
687 204
687 375
688 35
688 101
688 310
689 135
689 316
689 359
689 428
690 129
690 144
691 19
691 30
691 36
691 51
691 54
691 61
691 67
691 68
691 69
691 71
691 89
691 98
691 101
691 111
691 122
691 129
691 142
691 154
691 166
691 167
691 171
691 195
691 209
691 217
691 222
691 241
691 255
691 276
691 280
691 290
691 310
691 321
691 325
691 339
691 359
691 360
691 364
691 370
691 372
691 391
691 410
691 411
691 413
691 417
691 420
691 428
691 434
691 435
691 444
691 445
692 98
692 364
693 241
693 391
693 413
694 65
694 129
694 247
694 324
695 19
695 30
695 35
695 60
695 61
695 68
695 69
695 71
695 75
695 87
695 99
695 101
695 107
695 109
695 111
695 119
695 122
695 127
695 129
695 136
695 146
695 151
695 154
695 160
695 174
695 186
695 221
695 225
695 227
695 241
695 253
695 280
695 281
695 287
695 291
695 307
695 310
695 317
695 339
695 357
695 359
695 360
695 364
695 386
695 392
695 410
695 413
695 423
695 424
695 428
695 444
696 99
696 129
696 309
696 316
696 359
697 68
697 89
697 122
697 129
697 146
697 162
697 211
697 241
697 247
697 274
697 279
697 280
697 310
697 317
697 353
697 359
697 413
697 415
697 418
697 428
697 429
697 435
698 153
698 310
698 444
699 2
699 11
699 12
699 27
699 30
699 32
699 34
699 39
699 49
699 65
699 68
699 71
699 74
699 87
699 93
699 98
699 101
699 104
699 111
699 119
699 122
699 129
699 146
699 155
699 179
699 180
699 228
699 240
699 241
699 243
699 251
699 255
699 262
699 279
699 301
699 309
699 310
699 311
699 317
699 320
699 348
699 349
699 359
699 363
699 364
699 379
699 389
699 391
699 393
699 410
699 413
699 417
699 424
699 428
699 429
699 431
700 61
700 111
700 166
700 310
700 317
700 359
700 379
700 413
701 2
701 4
701 12
701 14
701 17
701 19
701 36
701 40
701 54
701 61
701 63
701 66
701 68
701 71
701 86
701 90
701 98
701 101
701 111
701 119
701 122
701 123
701 127
701 129
701 135
701 142
701 154
701 155
701 168
701 175
701 177
701 192
701 195
701 198
701 199
701 209
701 212
701 219
701 221
701 228
701 235
701 238
701 241
701 246
701 255
701 260
701 279
701 280
701 282
701 284
701 290
701 305
701 307
701 310
701 317
701 321
701 325
701 333
701 336
701 344
701 357
701 359
701 360
701 364
701 379
701 388
701 389
701 391
701 397
701 399
701 410
701 413
701 417
701 426
701 435
701 444
702 34
702 40
702 61
702 68
702 69
702 71
702 89
702 98
702 101
702 114
702 119
702 122
702 129
702 154
702 166
702 221
702 241
702 253
702 255
702 280
702 305
702 307
702 310
702 317
702 360
702 375
702 410
702 413
702 423
702 428
703 359
703 360
704 44
704 51
704 101
704 167
704 282
705 12
705 16
705 24
705 30
705 34
705 42
705 61
705 68
705 83
705 86
705 89
705 93
705 98
705 101
705 113
705 114
705 118
705 119
705 122
705 123
705 125
705 127
705 128
705 129
705 142
705 143
705 146
705 164
705 166
705 167
705 170
705 172
705 184
705 190
705 193
705 203
705 204
705 209
705 221
705 241
705 243
705 255
705 271
705 274
705 280
705 282
705 305
705 306
705 307
705 309
705 310
705 312
705 316
705 317
705 319
705 321
705 325
705 329
705 332
705 336
705 350
705 357
705 359
705 376
705 379
705 385
705 390
705 391
705 394
705 410
705 413
705 419
705 423
705 429
705 435
705 439
705 440
706 36
706 111
706 241
706 359
707 22
707 122
708 9
708 39
708 54
708 68
708 101
708 129
708 139
708 143
708 154
708 241
708 257
708 282
708 305
708 306
708 310
708 317
708 324
708 328
708 348
708 359
708 364
708 413
708 420
708 435
708 439
709 129
709 310
710 1
710 2
710 3
710 12
710 16
710 46
710 49
710 58
710 67
710 68
710 71
710 84
710 95
710 101
710 121
710 122
710 123
710 127
710 129
710 154
710 155
710 161
710 167
710 195
710 204
710 211
710 227
710 228
710 241
710 245
710 255
710 260
710 270
710 276
710 280
710 285
710 291
710 305
710 310
710 316
710 321
710 325
710 344
710 348
710 359
710 362
710 365
710 367
710 391
710 397
710 400
710 404
710 410
710 413
710 428
710 435
710 441
711 54
711 61
711 68
711 99
711 122
711 129
711 168
711 246
711 310
711 321
711 390
711 397
712 129
712 428
713 122
713 186
713 284
713 310
713 429
